%  columns=["iteration, evaluation, sigma, void, void, stds==sigma*sqrt(diag(C))" (startseed=213659, 2015/04/22 3:35:57.59)
1 13 1.926186e-01 0 0 1.924856e-01 1.923086e-01 1.927381e-01 1.908984e-01 1.924889e-01 1.919387e-01 1.924490e-01 1.911425e-01 1.913551e-01 1.919170e-01 1.922293e-01 1.938958e-01 1.920102e-01 1.914840e-01 1.956418e-01 1.935474e-01 1.941524e-01 1.893007e-01 
2 25 1.898495e-01 0 0 1.898392e-01 1.890311e-01 1.885472e-01 1.864144e-01 1.890556e-01 1.881473e-01 1.882973e-01 1.891750e-01 1.866974e-01 1.895615e-01 1.878466e-01 1.945828e-01 1.884875e-01 1.878041e-01 1.927774e-01 1.906052e-01 1.919905e-01 1.842608e-01 
3 37 1.912777e-01 0 0 1.889179e-01 1.896298e-01 1.899295e-01 1.903010e-01 1.924077e-01 1.895353e-01 1.891042e-01 1.906088e-01 1.879700e-01 1.924179e-01 1.927128e-01 1.997988e-01 1.884161e-01 1.885701e-01 1.934967e-01 1.919598e-01 1.934738e-01 1.843143e-01 
4 49 1.938942e-01 0 0 1.913118e-01 1.920643e-01 1.907860e-01 1.915284e-01 1.941658e-01 1.952085e-01 1.907239e-01 1.917444e-01 1.902710e-01 1.950187e-01 1.967261e-01 2.099392e-01 1.904450e-01 1.918216e-01 1.970141e-01 1.957658e-01 1.962969e-01 1.854247e-01 
5 61 1.907263e-01 0 0 1.869002e-01 1.883749e-01 1.871498e-01 1.860308e-01 1.920576e-01 1.924621e-01 1.873925e-01 1.883890e-01 1.886923e-01 1.922080e-01 1.939608e-01 2.074497e-01 1.863055e-01 1.880408e-01 1.937585e-01 1.929514e-01 1.912785e-01 1.810179e-01 
6 73 1.939847e-01 0 0 1.888141e-01 1.903662e-01 1.926836e-01 1.888382e-01 1.926662e-01 1.929960e-01 1.885002e-01 1.903935e-01 1.936135e-01 1.951160e-01 2.010557e-01 2.144428e-01 1.883300e-01 1.928889e-01 1.980330e-01 1.954508e-01 1.935767e-01 1.830331e-01 
7 85 1.940978e-01 0 0 1.872968e-01 1.890596e-01 1.922618e-01 1.929748e-01 1.916777e-01 1.896098e-01 1.871312e-01 1.893535e-01 1.942328e-01 1.939705e-01 2.014043e-01 2.131228e-01 1.888246e-01 1.932689e-01 1.972175e-01 1.957396e-01 1.935287e-01 1.816233e-01 
8 97 1.954517e-01 0 0 1.873115e-01 1.906248e-01 1.913685e-01 1.950483e-01 1.926749e-01 1.927710e-01 1.885661e-01 1.895092e-01 1.928133e-01 1.960841e-01 2.031504e-01 2.167378e-01 1.890594e-01 1.929710e-01 1.972538e-01 1.936376e-01 1.937265e-01 1.815431e-01 
9 109 1.968918e-01 0 0 1.879737e-01 1.912808e-01 1.945135e-01 1.973505e-01 1.986294e-01 1.921789e-01 1.885738e-01 1.925425e-01 1.940010e-01 1.999108e-01 2.051901e-01 2.210927e-01 1.904610e-01 1.936059e-01 1.977368e-01 1.946050e-01 1.945426e-01 1.812514e-01 
