%  columns="iteration, evaluation, void, void, void, xmean" (startseed=206449, 2015/03/8 1:29:8.49)
0 1 0 0 0 8.439081e-01 2.311711e-02 2.154057e-01 -3.598161e-01 -7.162569e-02 -4.115123e-01 2.686122e-01 2.819106e-01 -6.026183e-02 8.520404e-02 -1.409897e-01 -1.785354e-01 1.428959e-03 2.341739e-01 8.389575e-02 4.119667e-01 -3.425692e-01 -3.541556e-02 -2.936823e-01 -3.878143e-01 -1.063334e-01 
1 14 0 0 0 8.416887e-01 1.459478e-02 2.231240e-01 -3.574019e-01 -7.631217e-02 -4.090926e-01 2.661165e-01 2.755157e-01 -6.127483e-02 8.942536e-02 -1.360898e-01 -1.831584e-01 2.102139e-03 2.270824e-01 8.180557e-02 4.096340e-01 -3.390259e-01 -3.727011e-02 -2.861596e-01 -3.880339e-01 -1.097425e-01 
2 27 0 0 0 8.413272e-01 1.815787e-02 2.242204e-01 -3.591185e-01 -8.121876e-02 -4.097060e-01 2.729168e-01 2.781455e-01 -5.879302e-02 8.813671e-02 -1.362718e-01 -1.871420e-01 1.229914e-02 2.286473e-01 8.483444e-02 4.013485e-01 -3.432973e-01 -3.073653e-02 -2.882272e-01 -3.869469e-01 -1.061754e-01 
3 40 0 0 0 8.430908e-01 1.893914e-02 2.170976e-01 -3.576881e-01 -6.792000e-02 -4.143711e-01 2.696789e-01 2.771326e-01 -5.722164e-02 9.166635e-02 -1.349291e-01 -1.888421e-01 1.415539e-02 2.312163e-01 8.374349e-02 4.009954e-01 -3.459209e-01 -2.764805e-02 -2.842286e-01 -3.854178e-01 -1.028190e-01 
4 53 0 0 0 8.439065e-01 1.545103e-02 2.174563e-01 -3.630016e-01 -6.121099e-02 -4.127491e-01 2.758182e-01 2.744469e-01 -5.471995e-02 9.199600e-02 -1.319423e-01 -1.833815e-01 2.138347e-02 2.279812e-01 8.311232e-02 4.096692e-01 -3.439150e-01 -2.635627e-02 -2.836174e-01 -3.806059e-01 -9.937317e-02 
5 66 0 0 0 8.433484e-01 2.042833e-02 2.204150e-01 -3.661721e-01 -5.980399e-02 -4.071353e-01 2.765017e-01 2.746761e-01 -5.087985e-02 8.373610e-02 -1.346505e-01 -1.856929e-01 2.512849e-02 2.369945e-01 7.951998e-02 4.057131e-01 -3.411962e-01 -2.270873e-02 -2.847522e-01 -3.851333e-01 -9.938660e-02 
6 79 0 0 0 8.414983e-01 2.215191e-02 2.201260e-01 -3.673876e-01 -5.748829e-02 -4.001473e-01 2.761020e-01 2.751842e-01 -6.269281e-02 7.947150e-02 -1.389744e-01 -1.924218e-01 2.507292e-02 2.450865e-01 8.201478e-02 4.035923e-01 -3.394671e-01 -2.416611e-02 -2.882342e-01 -3.889069e-01 -1.008790e-01 
7 92 0 0 0 8.422552e-01 1.476717e-02 2.258755e-01 -3.682706e-01 -5.324328e-02 -3.963222e-01 2.812706e-01 2.755742e-01 -7.398864e-02 8.114423e-02 -1.300643e-01 -2.011811e-01 2.785777e-02 2.367528e-01 8.439783e-02 4.082635e-01 -3.361975e-01 -1.933685e-02 -2.848520e-01 -3.885791e-01 -1.033819e-01 
8 105 0 0 0 8.466257e-01 1.160377e-02 2.315071e-01 -3.727411e-01 -5.096382e-02 -3.954515e-01 2.766829e-01 2.678773e-01 -7.395970e-02 7.491735e-02 -1.360701e-01 -2.019869e-01 2.777802e-02 2.409076e-01 8.302794e-02 4.127774e-01 -3.373429e-01 -1.786354e-02 -2.803515e-01 -3.954069e-01 -1.006442e-01 
9 118 0 0 0 8.399338e-01 6.989401e-03 2.298269e-01 -3.774099e-01 -5.007349e-02 -3.937535e-01 2.776319e-01 2.658021e-01 -7.316268e-02 7.158878e-02 -1.426566e-01 -2.051175e-01 3.279720e-02 2.357354e-01 8.730376e-02 4.118926e-01 -3.335769e-01 -1.469557e-02 -2.780857e-01 -3.975967e-01 -1.053635e-01 
10 131 0 0 0 8.448102e-01 1.069860e-03 2.325903e-01 -3.718243e-01 -5.381779e-02 -3.839692e-01 2.785396e-01 2.576679e-01 -8.005012e-02 7.474242e-02 -1.461658e-01 -2.073706e-01 3.720975e-02 2.314718e-01 8.721857e-02 4.216781e-01 -3.357902e-01 -1.743564e-02 -2.700258e-01 -4.043594e-01 -1.126506e-01 
11 144 0 0 0 8.386664e-01 -1.411993e-05 2.268070e-01 -3.714842e-01 -5.146193e-02 -3.915393e-01 2.810168e-01 2.644914e-01 -8.794871e-02 7.842805e-02 -1.446066e-01 -2.105182e-01 4.048111e-02 2.225396e-01 8.683599e-02 4.264294e-01 -3.485873e-01 -1.225565e-02 -2.679768e-01 -4.127617e-01 -1.195219e-01 
12 157 0 0 0 8.336442e-01 6.080976e-03 2.267355e-01 -3.743290e-01 -5.219560e-02 -3.912875e-01 2.870867e-01 2.726731e-01 -8.217031e-02 7.934073e-02 -1.461285e-01 -2.058638e-01 4.414686e-02 2.217744e-01 8.724395e-02 4.163690e-01 -3.510346e-01 -1.057115e-02 -2.699663e-01 -4.153345e-01 -1.208751e-01 
13 170 0 0 0 8.372169e-01 1.615993e-03 2.255508e-01 -3.712882e-01 -4.568270e-02 -3.805244e-01 2.909877e-01 2.767764e-01 -8.300645e-02 7.337727e-02 -1.420972e-01 -2.045373e-01 4.359506e-02 2.241518e-01 8.715668e-02 4.165290e-01 -3.456236e-01 -1.268371e-02 -2.725887e-01 -4.084035e-01 -1.233817e-01 
14 183 0 0 0 8.303832e-01 1.284971e-03 2.216199e-01 -3.687221e-01 -4.841592e-02 -3.794139e-01 2.964525e-01 2.751393e-01 -7.997078e-02 7.147768e-02 -1.383651e-01 -2.098593e-01 4.386846e-02 2.260521e-01 9.025195e-02 4.095948e-01 -3.487528e-01 -1.136504e-02 -2.731915e-01 -4.070903e-01 -1.235433e-01 
15 196 0 0 0 8.371958e-01 3.564737e-03 2.189981e-01 -3.761388e-01 -4.647418e-02 -3.769024e-01 3.023725e-01 2.712496e-01 -7.858325e-02 6.144218e-02 -1.410979e-01 -2.176289e-01 3.633062e-02 2.293802e-01 9.778974e-02 4.078989e-01 -3.470593e-01 -8.453578e-03 -2.796620e-01 -4.090028e-01 -1.253385e-01 
16 209 0 0 0 8.371285e-01 -6.553657e-03 2.216720e-01 -3.741258e-01 -5.044127e-02 -3.748820e-01 3.051672e-01 2.743009e-01 -8.354463e-02 5.845732e-02 -1.389518e-01 -2.183823e-01 3.438796e-02 2.315632e-01 9.002074e-02 4.201185e-01 -3.489375e-01 -4.628030e-03 -2.788354e-01 -4.120398e-01 -1.168335e-01 
17 222 0 0 0 8.413091e-01 -3.759444e-03 2.240255e-01 -3.729041e-01 -5.156054e-02 -3.755554e-01 2.979932e-01 2.666730e-01 -8.838565e-02 5.715607e-02 -1.402665e-01 -2.240318e-01 3.631504e-02 2.368377e-01 9.300622e-02 4.228290e-01 -3.454356e-01 -7.406415e-03 -2.742939e-01 -4.157460e-01 -1.144113e-01 
18 235 0 0 0 8.413372e-01 -7.526203e-03 2.209696e-01 -3.636097e-01 -4.857397e-02 -3.733610e-01 2.929173e-01 2.704011e-01 -8.343873e-02 6.592895e-02 -1.353748e-01 -2.183463e-01 3.668119e-02 2.389474e-01 9.509788e-02 4.198003e-01 -3.475169e-01 -1.150697e-02 -2.734853e-01 -4.122967e-01 -1.120742e-01 
19 248 0 0 0 8.473400e-01 -4.613179e-03 2.132386e-01 -3.716577e-01 -5.088645e-02 -3.713578e-01 2.921998e-01 2.733469e-01 -7.880138e-02 6.371437e-02 -1.405268e-01 -2.246961e-01 3.090361e-02 2.395027e-01 9.851124e-02 4.147102e-01 -3.432763e-01 -4.746179e-03 -2.729726e-01 -4.145478e-01 -1.166436e-01 
20 261 0 0 0 8.466606e-01 -1.532964e-03 2.101631e-01 -3.746560e-01 -5.072235e-02 -3.751576e-01 2.941797e-01 2.753783e-01 -7.803062e-02 7.052293e-02 -1.432500e-01 -2.224262e-01 3.863518e-02 2.400938e-01 9.803624e-02 4.131092e-01 -3.467342e-01 -2.078129e-03 -2.782944e-01 -4.113004e-01 -1.164364e-01 
21 274 0 0 0 8.443116e-01 -3.889212e-03 2.071671e-01 -3.793560e-01 -4.914028e-02 -3.753841e-01 2.990584e-01 2.774507e-01 -9.103951e-02 6.996597e-02 -1.398227e-01 -2.225148e-01 4.557579e-02 2.385053e-01 9.975101e-02 4.117763e-01 -3.531626e-01 4.475957e-04 -2.832970e-01 -4.102597e-01 -1.065429e-01 
22 287 0 0 0 8.382029e-01 -5.280469e-03 2.073479e-01 -3.794488e-01 -4.304067e-02 -3.735113e-01 2.966978e-01 2.789269e-01 -9.329178e-02 6.442570e-02 -1.381114e-01 -2.211631e-01 4.530089e-02 2.403489e-01 9.861854e-02 4.135047e-01 -3.557479e-01 1.475509e-03 -2.810299e-01 -4.167059e-01 -1.097253e-01 
23 300 0 0 0 8.431889e-01 -8.642207e-03 2.134203e-01 -3.751558e-01 -4.058406e-02 -3.752841e-01 2.921982e-01 2.850356e-01 -8.607833e-02 7.360465e-02 -1.408053e-01 -2.236491e-01 4.273628e-02 2.331395e-01 9.510751e-02 4.103513e-01 -3.544550e-01 -2.080645e-04 -2.800718e-01 -4.153101e-01 -1.095382e-01 
24 313 0 0 0 8.456054e-01 -8.523502e-03 2.159060e-01 -3.622023e-01 -4.825642e-02 -3.789103e-01 2.868367e-01 2.854051e-01 -8.646884e-02 7.637666e-02 -1.396305e-01 -2.217174e-01 4.522742e-02 2.312665e-01 9.574032e-02 4.071156e-01 -3.559618e-01 -4.465466e-05 -2.890197e-01 -4.098828e-01 -1.142419e-01 
25 326 0 0 0 8.423473e-01 -9.399124e-03 2.209465e-01 -3.609599e-01 -4.946187e-02 -3.801529e-01 2.867958e-01 2.827972e-01 -8.338533e-02 8.006181e-02 -1.393124e-01 -2.188591e-01 4.831851e-02 2.311200e-01 9.419027e-02 4.083596e-01 -3.538725e-01 2.125589e-03 -2.845658e-01 -4.112225e-01 -1.149938e-01 
26 339 0 0 0 8.378332e-01 -3.569161e-03 2.198700e-01 -3.573425e-01 -4.730930e-02 -3.801931e-01 2.885592e-01 2.836901e-01 -8.737069e-02 7.477968e-02 -1.429203e-01 -2.191656e-01 4.305081e-02 2.322637e-01 9.363103e-02 4.093633e-01 -3.550131e-01 4.093603e-03 -2.869304e-01 -4.117513e-01 -1.175325e-01 
27 352 0 0 0 8.356195e-01 -3.438856e-03 2.250941e-01 -3.560559e-01 -4.850900e-02 -3.796170e-01 2.862239e-01 2.802874e-01 -8.426152e-02 6.838892e-02 -1.454898e-01 -2.208338e-01 4.481152e-02 2.339991e-01 9.503291e-02 4.200482e-01 -3.538161e-01 5.748490e-03 -2.915761e-01 -4.120654e-01 -1.131713e-01 
28 365 0 0 0 8.344907e-01 -1.699506e-03 2.207527e-01 -3.574023e-01 -4.883353e-02 -3.769755e-01 2.839882e-01 2.807242e-01 -8.568505e-02 6.796786e-02 -1.435460e-01 -2.261409e-01 4.263541e-02 2.366361e-01 9.893146e-02 4.124983e-01 -3.509409e-01 1.749859e-03 -2.834889e-01 -4.120924e-01 -1.146611e-01 
29 378 0 0 0 8.344770e-01 1.283957e-03 2.223261e-01 -3.552840e-01 -4.974941e-02 -3.751281e-01 2.833239e-01 2.815983e-01 -8.181790e-02 6.768456e-02 -1.457174e-01 -2.244061e-01 3.980319e-02 2.358011e-01 9.764371e-02 4.107636e-01 -3.516125e-01 -2.971617e-03 -2.824406e-01 -4.143216e-01 -1.111948e-01 
30 391 0 0 0 8.321622e-01 1.620908e-03 2.185996e-01 -3.564462e-01 -5.161605e-02 -3.744712e-01 2.872042e-01 2.799289e-01 -8.235265e-02 6.569376e-02 -1.455310e-01 -2.216036e-01 4.068927e-02 2.312036e-01 9.756749e-02 4.092858e-01 -3.542047e-01 -6.229221e-03 -2.844251e-01 -4.159763e-01 -1.122279e-01 
31 404 0 0 0 8.331408e-01 -4.062012e-04 2.146372e-01 -3.554487e-01 -5.386622e-02 -3.759301e-01 2.859302e-01 2.820109e-01 -8.191000e-02 6.625113e-02 -1.489559e-01 -2.222090e-01 4.161107e-02 2.277753e-01 1.005787e-01 4.032557e-01 -3.559068e-01 -5.265825e-03 -2.849233e-01 -4.137363e-01 -1.121440e-01 
32 417 0 0 0 8.315643e-01 -4.396518e-03 2.099523e-01 -3.559526e-01 -5.662481e-02 -3.776928e-01 2.836484e-01 2.811863e-01 -8.368196e-02 6.609093e-02 -1.475302e-01 -2.168200e-01 4.012391e-02 2.272480e-01 9.411312e-02 4.034747e-01 -3.530448e-01 5.391483e-04 -2.834467e-01 -4.079718e-01 -1.105037e-01 
33 430 0 0 0 8.330786e-01 -5.684735e-03 2.092098e-01 -3.565617e-01 -5.158501e-02 -3.800615e-01 2.841597e-01 2.817228e-01 -8.614543e-02 6.465328e-02 -1.510321e-01 -2.129260e-01 4.250521e-02 2.250260e-01 9.407057e-02 4.036901e-01 -3.550445e-01 5.806187e-04 -2.878077e-01 -4.067322e-01 -1.099309e-01 
34 443 0 0 0 8.354154e-01 -9.784078e-03 2.085281e-01 -3.583139e-01 -4.841530e-02 -3.811556e-01 2.859310e-01 2.786194e-01 -8.589301e-02 6.906056e-02 -1.492881e-01 -2.120994e-01 3.965597e-02 2.251829e-01 9.279804e-02 4.016495e-01 -3.582072e-01 4.744289e-03 -2.881937e-01 -4.067263e-01 -1.102884e-01 
35 456 0 0 0 8.372038e-01 -6.263539e-03 2.114605e-01 -3.567636e-01 -4.852049e-02 -3.825019e-01 2.863682e-01 2.830636e-01 -8.501947e-02 6.958270e-02 -1.462099e-01 -2.103446e-01 3.729641e-02 2.285336e-01 9.107280e-02 4.008297e-01 -3.642247e-01 6.980929e-03 -2.888744e-01 -4.055504e-01 -1.098339e-01 
36 469 0 0 0 8.362273e-01 -7.404738e-03 2.150678e-01 -3.544615e-01 -4.960783e-02 -3.807666e-01 2.837707e-01 2.820605e-01 -8.793663e-02 6.474302e-02 -1.436919e-01 -2.120402e-01 3.847793e-02 2.272380e-01 9.253304e-02 4.019194e-01 -3.649156e-01 7.486317e-03 -2.851038e-01 -4.038837e-01 -1.110295e-01 
37 482 0 0 0 8.371888e-01 -5.841203e-03 2.143924e-01 -3.558616e-01 -4.939719e-02 -3.782491e-01 2.819073e-01 2.808444e-01 -9.103783e-02 6.248797e-02 -1.432982e-01 -2.138611e-01 3.470381e-02 2.299019e-01 9.316165e-02 4.075526e-01 -3.638025e-01 6.994811e-03 -2.838668e-01 -4.077754e-01 -1.071357e-01 
38 495 0 0 0 8.386176e-01 -2.877969e-03 2.140203e-01 -3.553411e-01 -4.550317e-02 -3.775947e-01 2.850840e-01 2.789289e-01 -9.366000e-02 6.167077e-02 -1.446894e-01 -2.144743e-01 3.496871e-02 2.290308e-01 9.128970e-02 4.085421e-01 -3.649725e-01 4.198077e-03 -2.830280e-01 -4.092496e-01 -1.089582e-01 
39 508 0 0 0 8.390679e-01 -3.539614e-03 2.125021e-01 -3.569123e-01 -4.407095e-02 -3.797652e-01 2.857124e-01 2.746437e-01 -9.783695e-02 6.058891e-02 -1.463749e-01 -2.121395e-01 3.540750e-02 2.277743e-01 9.156060e-02 4.085870e-01 -3.668299e-01 6.863633e-03 -2.843313e-01 -4.069289e-01 -1.071432e-01 
40 521 0 0 0 8.387142e-01 -4.777110e-03 2.118533e-01 -3.549449e-01 -4.151143e-02 -3.795861e-01 2.857539e-01 2.728525e-01 -9.828768e-02 6.447212e-02 -1.447341e-01 -2.089336e-01 3.459270e-02 2.277641e-01 8.822465e-02 4.079388e-01 -3.657890e-01 7.422436e-03 -2.830610e-01 -4.041953e-01 -1.046041e-01 
41 534 0 0 0 8.388199e-01 -5.821707e-03 2.136715e-01 -3.523251e-01 -3.967974e-02 -3.788236e-01 2.861895e-01 2.710364e-01 -9.597016e-02 6.643503e-02 -1.465008e-01 -2.098263e-01 3.239332e-02 2.278518e-01 8.812713e-02 4.065218e-01 -3.675547e-01 7.572941e-03 -2.798652e-01 -4.073385e-01 -1.030907e-01 
42 547 0 0 0 8.384089e-01 -5.711153e-03 2.139693e-01 -3.518632e-01 -3.780746e-02 -3.806068e-01 2.879855e-01 2.706205e-01 -9.739323e-02 6.888718e-02 -1.462690e-01 -2.087460e-01 2.967813e-02 2.258234e-01 8.795956e-02 4.086567e-01 -3.673421e-01 7.723542e-03 -2.783707e-01 -4.060376e-01 -1.033959e-01 
43 560 0 0 0 8.403882e-01 -4.486360e-03 2.144510e-01 -3.511777e-01 -3.870821e-02 -3.804183e-01 2.880162e-01 2.680987e-01 -1.007688e-01 6.725055e-02 -1.450231e-01 -2.090361e-01 3.008197e-02 2.240027e-01 8.589826e-02 4.085971e-01 -3.673542e-01 5.670424e-03 -2.800293e-01 -4.072492e-01 -1.004782e-01 
44 573 0 0 0 8.357741e-01 -5.184807e-03 2.175339e-01 -3.508821e-01 -4.055313e-02 -3.779220e-01 2.884786e-01 2.677540e-01 -9.980513e-02 6.351536e-02 -1.458514e-01 -2.063687e-01 2.416087e-02 2.237677e-01 8.325042e-02 4.101626e-01 -3.667295e-01 2.043715e-03 -2.776854e-01 -4.077455e-01 -1.018024e-01 
45 586 0 0 0 8.304329e-01 -4.589901e-03 2.144654e-01 -3.496729e-01 -4.290132e-02 -3.783376e-01 2.867091e-01 2.683250e-01 -1.021921e-01 6.379339e-02 -1.432974e-01 -2.032242e-01 2.550489e-02 2.226420e-01 7.971923e-02 4.074513e-01 -3.666021e-01 1.899778e-03 -2.803057e-01 -4.069463e-01 -1.011799e-01 
46 599 0 0 0 8.235730e-01 -2.350590e-03 2.124985e-01 -3.468637e-01 -4.334845e-02 -3.762898e-01 2.865402e-01 2.631099e-01 -1.005968e-01 6.158139e-02 -1.474613e-01 -2.019126e-01 2.544378e-02 2.266608e-01 7.914603e-02 4.078094e-01 -3.674817e-01 2.775220e-03 -2.795625e-01 -4.071819e-01 -1.038800e-01 
47 612 0 0 0 8.242791e-01 -1.154029e-03 2.066203e-01 -3.461366e-01 -4.360465e-02 -3.810839e-01 2.871025e-01 2.604278e-01 -9.619681e-02 6.585676e-02 -1.480759e-01 -2.008751e-01 2.371949e-02 2.243679e-01 8.233452e-02 4.029743e-01 -3.658490e-01 2.111809e-03 -2.810668e-01 -4.057872e-01 -1.075764e-01 
48 625 0 0 0 8.240460e-01 -2.734439e-03 2.031692e-01 -3.440618e-01 -3.833466e-02 -3.818064e-01 2.841523e-01 2.621917e-01 -1.006468e-01 6.695717e-02 -1.458739e-01 -2.001605e-01 2.315952e-02 2.226569e-01 8.057779e-02 4.045502e-01 -3.673773e-01 3.703819e-04 -2.751176e-01 -4.049324e-01 -1.099727e-01 
49 638 0 0 0 8.230549e-01 -6.325330e-03 2.023705e-01 -3.444891e-01 -4.118401e-02 -3.858205e-01 2.812904e-01 2.661340e-01 -9.745126e-02 6.982775e-02 -1.441042e-01 -1.998314e-01 2.705092e-02 2.205419e-01 8.308175e-02 4.059181e-01 -3.690180e-01 1.211250e-03 -2.767124e-01 -4.076512e-01 -1.065432e-01 
50 651 0 0 0 8.226814e-01 -5.533008e-03 2.044312e-01 -3.460965e-01 -4.367004e-02 -3.893232e-01 2.831246e-01 2.644525e-01 -9.492153e-02 6.974744e-02 -1.451745e-01 -2.010282e-01 3.072890e-02 2.230726e-01 8.442100e-02 4.073092e-01 -3.688031e-01 9.577754e-05 -2.804514e-01 -4.058061e-01 -1.045753e-01 
51 664 0 0 0 8.254036e-01 -9.590177e-03 2.049006e-01 -3.467484e-01 -4.341290e-02 -3.866087e-01 2.829089e-01 2.656447e-01 -9.359091e-02 6.803022e-02 -1.464182e-01 -2.023314e-01 3.159666e-02 2.257833e-01 8.527876e-02 4.061491e-01 -3.717441e-01 -1.099004e-03 -2.762573e-01 -4.060550e-01 -1.104894e-01 
52 677 0 0 0 8.273572e-01 -1.075788e-02 2.043840e-01 -3.468681e-01 -4.468878e-02 -3.880511e-01 2.816456e-01 2.646908e-01 -9.283951e-02 6.794989e-02 -1.432121e-01 -2.063575e-01 3.030933e-02 2.256720e-01 8.767309e-02 4.078995e-01 -3.717947e-01 -1.769489e-03 -2.761632e-01 -4.035406e-01 -1.105302e-01 
53 690 0 0 0 8.261033e-01 -1.060130e-02 2.077662e-01 -3.454438e-01 -4.439133e-02 -3.863247e-01 2.827349e-01 2.640057e-01 -9.308933e-02 6.750953e-02 -1.403630e-01 -2.077980e-01 2.765017e-02 2.263089e-01 8.837387e-02 4.136257e-01 -3.710853e-01 -5.671959e-03 -2.739925e-01 -4.054866e-01 -1.110985e-01 
54 703 0 0 0 8.254524e-01 -1.046522e-02 2.033070e-01 -3.457307e-01 -4.688935e-02 -3.876273e-01 2.830513e-01 2.625712e-01 -9.196350e-02 6.915685e-02 -1.408950e-01 -2.060231e-01 2.719735e-02 2.214025e-01 8.748974e-02 4.135300e-01 -3.706909e-01 -3.665402e-03 -2.749142e-01 -4.078245e-01 -1.116415e-01 
55 716 0 0 0 8.269252e-01 -1.109383e-02 2.062974e-01 -3.480114e-01 -4.690290e-02 -3.888840e-01 2.830850e-01 2.612835e-01 -9.444230e-02 7.201687e-02 -1.431126e-01 -2.056382e-01 2.831546e-02 2.205693e-01 8.545479e-02 4.125115e-01 -3.701343e-01 -3.100014e-03 -2.713803e-01 -4.107193e-01 -1.099214e-01 
56 729 0 0 0 8.269760e-01 -1.154371e-02 2.070395e-01 -3.445042e-01 -4.716320e-02 -3.884346e-01 2.850769e-01 2.602157e-01 -9.411834e-02 7.305555e-02 -1.419331e-01 -2.037946e-01 2.827442e-02 2.196528e-01 8.422201e-02 4.092135e-01 -3.712530e-01 -1.737602e-03 -2.690259e-01 -4.087909e-01 -1.108227e-01 
57 742 0 0 0 8.255650e-01 -1.048091e-02 2.053218e-01 -3.463758e-01 -4.814905e-02 -3.905484e-01 2.841686e-01 2.580161e-01 -9.469658e-02 7.018033e-02 -1.414949e-01 -1.998862e-01 2.662299e-02 2.217728e-01 8.230120e-02 4.081638e-01 -3.720908e-01 -1.345491e-03 -2.694893e-01 -4.095870e-01 -1.126443e-01 
58 755 0 0 0 8.287662e-01 -1.150559e-02 2.043556e-01 -3.474821e-01 -4.779953e-02 -3.906683e-01 2.817503e-01 2.549889e-01 -1.007388e-01 6.752894e-02 -1.409540e-01 -2.029305e-01 2.747597e-02 2.242094e-01 8.238991e-02 4.090350e-01 -3.724359e-01 5.389850e-04 -2.693239e-01 -4.142531e-01 -1.109010e-01 
59 768 0 0 0 8.283344e-01 -1.134772e-02 2.065569e-01 -3.493149e-01 -4.754489e-02 -3.935275e-01 2.823479e-01 2.559893e-01 -1.005033e-01 6.677440e-02 -1.407775e-01 -2.023987e-01 2.800346e-02 2.265870e-01 8.185626e-02 4.106595e-01 -3.727035e-01 -2.759738e-04 -2.695759e-01 -4.149723e-01 -1.111270e-01 
60 781 0 0 0 8.296446e-01 -1.032673e-02 2.047349e-01 -3.505931e-01 -4.826232e-02 -3.956414e-01 2.843382e-01 2.582252e-01 -9.980794e-02 6.866972e-02 -1.384957e-01 -2.006109e-01 2.769466e-02 2.250743e-01 8.081744e-02 4.092126e-01 -3.736951e-01 -1.471311e-03 -2.688611e-01 -4.151812e-01 -1.122503e-01 
61 794 0 0 0 8.267063e-01 -8.384609e-03 2.069844e-01 -3.495699e-01 -5.022706e-02 -3.961738e-01 2.821162e-01 2.633678e-01 -9.690062e-02 6.900527e-02 -1.425730e-01 -2.006646e-01 2.512565e-02 2.256344e-01 8.084476e-02 4.097834e-01 -3.726097e-01 -1.672007e-03 -2.676938e-01 -4.168977e-01 -1.120167e-01 
62 807 0 0 0 8.258109e-01 -8.786905e-03 2.082373e-01 -3.491716e-01 -5.384827e-02 -3.978083e-01 2.808710e-01 2.658361e-01 -9.498694e-02 7.123807e-02 -1.439333e-01 -2.019977e-01 2.373102e-02 2.243331e-01 8.197487e-02 4.110220e-01 -3.713461e-01 -1.051013e-03 -2.676715e-01 -4.146858e-01 -1.097164e-01 
63 820 0 0 0 8.285969e-01 -1.117464e-02 2.074662e-01 -3.488818e-01 -5.375847e-02 -3.992761e-01 2.800313e-01 2.638089e-01 -9.437049e-02 7.461930e-02 -1.444540e-01 -2.011904e-01 2.428926e-02 2.230073e-01 8.095815e-02 4.093700e-01 -3.703584e-01 1.267374e-04 -2.672040e-01 -4.135949e-01 -1.107578e-01 
64 833 0 0 0 8.275115e-01 -1.036082e-02 2.068293e-01 -3.483795e-01 -5.382093e-02 -3.987155e-01 2.809084e-01 2.623076e-01 -9.486538e-02 7.313882e-02 -1.462941e-01 -1.989206e-01 2.168892e-02 2.231117e-01 7.992194e-02 4.073093e-01 -3.704930e-01 -1.236930e-04 -2.666021e-01 -4.149972e-01 -1.116440e-01 
65 846 0 0 0 8.277446e-01 -1.279394e-02 2.049946e-01 -3.477661e-01 -5.240997e-02 -3.975486e-01 2.816082e-01 2.624612e-01 -9.674304e-02 7.130117e-02 -1.475303e-01 -1.977508e-01 2.124107e-02 2.230133e-01 7.935120e-02 4.070928e-01 -3.712835e-01 2.491160e-03 -2.662239e-01 -4.133364e-01 -1.083567e-01 
66 859 0 0 0 8.288018e-01 -1.067292e-02 2.049262e-01 -3.461694e-01 -5.215785e-02 -3.964906e-01 2.820051e-01 2.631485e-01 -9.688871e-02 7.272228e-02 -1.450078e-01 -1.994974e-01 2.194713e-02 2.237150e-01 8.109686e-02 4.084397e-01 -3.696330e-01 3.096611e-03 -2.667460e-01 -4.107406e-01 -1.100652e-01 
67 872 0 0 0 8.274153e-01 -9.133279e-03 2.029922e-01 -3.444088e-01 -5.295685e-02 -3.982319e-01 2.814922e-01 2.628145e-01 -9.797967e-02 7.206158e-02 -1.440214e-01 -1.967039e-01 2.032158e-02 2.231078e-01 8.043643e-02 4.070510e-01 -3.696861e-01 2.160416e-03 -2.667016e-01 -4.096169e-01 -1.109006e-01 
68 885 0 0 0 8.270188e-01 -8.796435e-03 2.011976e-01 -3.436167e-01 -5.425853e-02 -3.968735e-01 2.796940e-01 2.644612e-01 -9.981425e-02 7.111679e-02 -1.432341e-01 -1.976539e-01 2.073808e-02 2.222485e-01 8.140406e-02 4.074420e-01 -3.686060e-01 2.418000e-03 -2.662152e-01 -4.091443e-01 -1.111229e-01 
69 898 0 0 0 8.269735e-01 -9.632817e-03 2.019723e-01 -3.443579e-01 -5.422492e-02 -3.978029e-01 2.799197e-01 2.637892e-01 -9.782586e-02 7.021412e-02 -1.449095e-01 -1.971915e-01 1.984449e-02 2.247939e-01 8.152701e-02 4.110312e-01 -3.700973e-01 3.516016e-03 -2.662397e-01 -4.074100e-01 -1.120791e-01 
70 911 0 0 0 8.256786e-01 -1.112631e-02 2.019497e-01 -3.449886e-01 -5.227509e-02 -3.963165e-01 2.806906e-01 2.598747e-01 -9.768911e-02 6.953115e-02 -1.489518e-01 -1.966273e-01 1.892932e-02 2.267315e-01 8.078514e-02 4.117935e-01 -3.697840e-01 4.938455e-03 -2.648268e-01 -4.046362e-01 -1.120226e-01 
71 924 0 0 0 8.251927e-01 -1.017720e-02 2.019735e-01 -3.435583e-01 -5.229504e-02 -3.960301e-01 2.793595e-01 2.640595e-01 -9.761013e-02 6.982645e-02 -1.490267e-01 -1.956297e-01 1.719522e-02 2.275890e-01 8.145164e-02 4.095692e-01 -3.696717e-01 5.848293e-03 -2.641542e-01 -4.038394e-01 -1.125055e-01 
72 937 0 0 0 8.254192e-01 -1.096518e-02 2.004774e-01 -3.439263e-01 -5.326447e-02 -3.944620e-01 2.800406e-01 2.634090e-01 -9.463722e-02 7.254145e-02 -1.495571e-01 -1.975361e-01 1.755159e-02 2.283842e-01 8.316605e-02 4.105996e-01 -3.693916e-01 6.088604e-03 -2.641754e-01 -4.054324e-01 -1.144146e-01 
73 950 0 0 0 8.255375e-01 -1.271479e-02 2.006813e-01 -3.416903e-01 -4.975696e-02 -3.928798e-01 2.787216e-01 2.640990e-01 -9.463734e-02 7.340013e-02 -1.509975e-01 -1.984842e-01 1.729820e-02 2.289678e-01 8.234968e-02 4.112377e-01 -3.669308e-01 5.449142e-03 -2.642119e-01 -4.052447e-01 -1.136866e-01 
74 963 0 0 0 8.244828e-01 -1.179473e-02 1.992496e-01 -3.419384e-01 -5.090416e-02 -3.929570e-01 2.793756e-01 2.631593e-01 -9.353651e-02 7.453289e-02 -1.499030e-01 -1.987513e-01 1.589758e-02 2.278304e-01 8.360942e-02 4.131898e-01 -3.660674e-01 4.897345e-03 -2.659033e-01 -4.039735e-01 -1.141051e-01 
75 976 0 0 0 8.248349e-01 -1.315195e-02 1.989330e-01 -3.414700e-01 -4.953770e-02 -3.932773e-01 2.783652e-01 2.614925e-01 -9.476971e-02 7.280526e-02 -1.509349e-01 -1.972928e-01 1.616842e-02 2.266409e-01 8.169650e-02 4.142500e-01 -3.683483e-01 4.486454e-03 -2.633878e-01 -4.058288e-01 -1.126202e-01 
76 989 0 0 0 8.247688e-01 -1.266002e-02 1.973165e-01 -3.404532e-01 -5.268586e-02 -3.952164e-01 2.801388e-01 2.593328e-01 -9.711820e-02 7.067362e-02 -1.500702e-01 -1.988787e-01 1.631923e-02 2.291709e-01 8.313481e-02 4.148264e-01 -3.711004e-01 3.032561e-03 -2.645536e-01 -4.073726e-01 -1.132631e-01 
77 1002 0 0 0 8.231759e-01 -1.406495e-02 1.970960e-01 -3.391255e-01 -5.206092e-02 -3.965892e-01 2.797217e-01 2.590804e-01 -9.631372e-02 7.401896e-02 -1.474031e-01 -1.977038e-01 1.465898e-02 2.282145e-01 8.206244e-02 4.168405e-01 -3.719068e-01 2.340519e-03 -2.649526e-01 -4.073948e-01 -1.155850e-01 
78 1015 0 0 0 8.230912e-01 -1.323691e-02 1.987423e-01 -3.391319e-01 -5.209442e-02 -3.979445e-01 2.797171e-01 2.592316e-01 -9.566141e-02 7.352482e-02 -1.476528e-01 -1.971999e-01 1.312299e-02 2.290530e-01 8.175851e-02 4.167540e-01 -3.723186e-01 4.712877e-03 -2.663277e-01 -4.037335e-01 -1.149163e-01 
79 1028 0 0 0 8.211497e-01 -1.301884e-02 1.991979e-01 -3.394174e-01 -5.124554e-02 -3.969132e-01 2.784833e-01 2.592616e-01 -9.447563e-02 7.326176e-02 -1.462722e-01 -1.985006e-01 1.365077e-02 2.268491e-01 8.275452e-02 4.179878e-01 -3.731751e-01 3.433403e-03 -2.645890e-01 -4.029066e-01 -1.152330e-01 
80 1041 0 0 0 8.205499e-01 -1.230330e-02 1.976737e-01 -3.387513e-01 -5.012762e-02 -3.978420e-01 2.779727e-01 2.609765e-01 -9.433735e-02 7.324170e-02 -1.450620e-01 -1.966542e-01 1.471262e-02 2.276890e-01 8.162863e-02 4.167010e-01 -3.747457e-01 4.342159e-03 -2.646222e-01 -4.038160e-01 -1.158373e-01 
81 1054 0 0 0 8.211353e-01 -1.463442e-02 1.962443e-01 -3.376560e-01 -5.159724e-02 -3.977360e-01 2.785383e-01 2.607026e-01 -9.326850e-02 7.367290e-02 -1.445182e-01 -1.963740e-01 1.198051e-02 2.298233e-01 8.191883e-02 4.176502e-01 -3.762556e-01 4.229738e-03 -2.649709e-01 -4.020887e-01 -1.154023e-01 
82 1067 0 0 0 8.209235e-01 -1.497351e-02 1.968455e-01 -3.384404e-01 -5.270974e-02 -3.991537e-01 2.806097e-01 2.618521e-01 -9.322318e-02 7.332694e-02 -1.447189e-01 -1.955849e-01 1.073273e-02 2.311892e-01 8.066487e-02 4.177201e-01 -3.781203e-01 4.476491e-03 -2.654263e-01 -4.011612e-01 -1.144748e-01 
83 1080 0 0 0 8.185759e-01 -1.526405e-02 1.961780e-01 -3.367253e-01 -5.199012e-02 -3.976372e-01 2.801887e-01 2.630861e-01 -9.398320e-02 7.131702e-02 -1.463381e-01 -1.953736e-01 1.191549e-02 2.309247e-01 8.070159e-02 4.163852e-01 -3.777386e-01 2.148962e-03 -2.655657e-01 -4.023078e-01 -1.123801e-01 
84 1093 0 0 0 8.185912e-01 -1.732815e-02 1.967046e-01 -3.365820e-01 -5.182627e-02 -3.968731e-01 2.787058e-01 2.640931e-01 -9.412356e-02 7.162973e-02 -1.444938e-01 -1.938840e-01 1.001832e-02 2.309263e-01 7.915240e-02 4.178512e-01 -3.775133e-01 2.677176e-03 -2.656244e-01 -4.001303e-01 -1.120685e-01 
85 1106 0 0 0 8.175832e-01 -1.787186e-02 1.965036e-01 -3.387162e-01 -5.271681e-02 -3.974789e-01 2.785849e-01 2.651402e-01 -9.248300e-02 7.319412e-02 -1.444824e-01 -1.932339e-01 1.001254e-02 2.312529e-01 7.840745e-02 4.189685e-01 -3.780958e-01 4.483356e-04 -2.652253e-01 -4.028527e-01 -1.109064e-01 
86 1119 0 0 0 8.163046e-01 -1.668761e-02 1.959019e-01 -3.393740e-01 -5.445265e-02 -3.977647e-01 2.768246e-01 2.617734e-01 -9.228225e-02 7.034769e-02 -1.445807e-01 -1.924633e-01 6.342906e-03 2.324021e-01 7.748267e-02 4.198716e-01 -3.782690e-01 3.745082e-04 -2.631425e-01 -4.051469e-01 -1.131122e-01 
87 1132 0 0 0 8.180799e-01 -1.591977e-02 1.965198e-01 -3.392755e-01 -5.360418e-02 -4.006873e-01 2.764044e-01 2.617075e-01 -9.219638e-02 7.256290e-02 -1.444565e-01 -1.931607e-01 7.265845e-03 2.311824e-01 7.792371e-02 4.191541e-01 -3.768082e-01 1.961019e-04 -2.629792e-01 -4.051495e-01 -1.137772e-01 
88 1145 0 0 0 8.171334e-01 -1.554954e-02 1.951838e-01 -3.393918e-01 -5.235230e-02 -4.030459e-01 2.742033e-01 2.638985e-01 -9.145828e-02 7.496983e-02 -1.438915e-01 -1.910215e-01 5.596491e-03 2.304604e-01 7.786983e-02 4.176952e-01 -3.764636e-01 2.461508e-03 -2.619647e-01 -4.036208e-01 -1.127729e-01 
89 1158 0 0 0 8.143257e-01 -1.584367e-02 1.952873e-01 -3.389587e-01 -4.995999e-02 -4.027811e-01 2.730251e-01 2.627492e-01 -9.067259e-02 7.324889e-02 -1.435295e-01 -1.910170e-01 4.377009e-03 2.308095e-01 7.668737e-02 4.198985e-01 -3.776533e-01 1.295845e-03 -2.617950e-01 -4.051473e-01 -1.152722e-01 
90 1171 0 0 0 8.143151e-01 -1.615366e-02 1.951991e-01 -3.384873e-01 -5.049267e-02 -4.026577e-01 2.722946e-01 2.615729e-01 -9.093450e-02 7.264567e-02 -1.448449e-01 -1.903666e-01 4.160157e-03 2.317813e-01 7.584945e-02 4.193781e-01 -3.785768e-01 1.020029e-03 -2.622352e-01 -4.067520e-01 -1.158452e-01 
91 1184 0 0 0 8.158502e-01 -1.588547e-02 1.968107e-01 -3.384256e-01 -4.788415e-02 -4.028643e-01 2.715025e-01 2.621066e-01 -8.839559e-02 7.237628e-02 -1.445205e-01 -1.899137e-01 4.039317e-03 2.325361e-01 7.595472e-02 4.198643e-01 -3.776350e-01 -3.914656e-04 -2.629602e-01 -4.052584e-01 -1.162711e-01 
92 1197 0 0 0 8.174580e-01 -1.603376e-02 1.961010e-01 -3.383075e-01 -4.704543e-02 -4.015516e-01 2.705642e-01 2.618813e-01 -8.822093e-02 7.260740e-02 -1.449500e-01 -1.901044e-01 1.783748e-03 2.329198e-01 7.598951e-02 4.186359e-01 -3.749983e-01 -2.863291e-04 -2.633791e-01 -4.043194e-01 -1.154464e-01 
93 1210 0 0 0 8.180789e-01 -1.525864e-02 1.967281e-01 -3.368041e-01 -4.695943e-02 -4.025940e-01 2.710579e-01 2.618621e-01 -8.834450e-02 7.300494e-02 -1.439460e-01 -1.884919e-01 1.662290e-03 2.327360e-01 7.611942e-02 4.167033e-01 -3.769537e-01 1.934335e-03 -2.630491e-01 -4.047398e-01 -1.155247e-01 
94 1223 0 0 0 8.170232e-01 -1.270323e-02 1.938719e-01 -3.364302e-01 -4.712189e-02 -4.018319e-01 2.714042e-01 2.611074e-01 -8.622486e-02 7.436190e-02 -1.441128e-01 -1.880719e-01 6.684453e-04 2.353991e-01 7.643104e-02 4.184804e-01 -3.777065e-01 1.946819e-03 -2.646788e-01 -4.064389e-01 -1.173838e-01 
95 1236 0 0 0 8.147972e-01 -1.316484e-02 1.926596e-01 -3.368397e-01 -4.661716e-02 -4.026576e-01 2.720190e-01 2.595641e-01 -8.631592e-02 7.531172e-02 -1.432090e-01 -1.873850e-01 4.695593e-04 2.362589e-01 7.693128e-02 4.199928e-01 -3.779296e-01 2.693823e-03 -2.636373e-01 -4.054092e-01 -1.184934e-01 
96 1249 0 0 0 8.149002e-01 -1.303179e-02 1.922852e-01 -3.394509e-01 -4.556217e-02 -4.028459e-01 2.727362e-01 2.610057e-01 -8.589726e-02 7.506753e-02 -1.415902e-01 -1.871025e-01 2.110569e-03 2.375539e-01 7.730516e-02 4.184443e-01 -3.787721e-01 4.026975e-03 -2.635159e-01 -4.076501e-01 -1.193242e-01 
97 1262 0 0 0 8.132909e-01 -1.265131e-02 1.924045e-01 -3.403253e-01 -4.508492e-02 -4.025488e-01 2.726622e-01 2.597326e-01 -8.518363e-02 7.522939e-02 -1.414843e-01 -1.863429e-01 1.868582e-03 2.383398e-01 7.712397e-02 4.185785e-01 -3.783940e-01 3.970610e-03 -2.630837e-01 -4.100002e-01 -1.171387e-01 
98 1275 0 0 0 8.113410e-01 -1.207541e-02 1.926600e-01 -3.397280e-01 -4.308235e-02 -4.044328e-01 2.724110e-01 2.612313e-01 -8.549245e-02 7.551834e-02 -1.448849e-01 -1.842050e-01 2.742785e-03 2.394391e-01 7.726438e-02 4.185107e-01 -3.778744e-01 6.059871e-03 -2.608701e-01 -4.119157e-01 -1.192405e-01 
99 1288 0 0 0 8.111386e-01 -1.254242e-02 1.926714e-01 -3.428576e-01 -4.216092e-02 -4.046155e-01 2.729323e-01 2.611994e-01 -8.637484e-02 7.469061e-02 -1.458945e-01 -1.866778e-01 5.650423e-03 2.395701e-01 7.975822e-02 4.197832e-01 -3.781889e-01 7.758891e-03 -2.613481e-01 -4.144796e-01 -1.182997e-01 
100 1301 0 0 0 8.078642e-01 -1.095412e-02 1.916898e-01 -3.405497e-01 -3.987257e-02 -4.063193e-01 2.743535e-01 2.616984e-01 -8.453480e-02 7.386852e-02 -1.467973e-01 -1.838749e-01 3.711876e-03 2.397090e-01 7.821708e-02 4.213731e-01 -3.747300e-01 6.846943e-03 -2.589624e-01 -4.127087e-01 -1.185537e-01 
101 1314 0 0 0 8.047250e-01 -1.051033e-02 1.896126e-01 -3.374078e-01 -3.876107e-02 -4.058954e-01 2.758031e-01 2.625466e-01 -8.352062e-02 7.655839e-02 -1.459787e-01 -1.830026e-01 3.492774e-03 2.404929e-01 7.867199e-02 4.246632e-01 -3.748522e-01 6.328350e-03 -2.577659e-01 -4.116543e-01 -1.202953e-01 
102 1327 0 0 0 8.033017e-01 -8.419126e-03 1.872751e-01 -3.339293e-01 -3.798224e-02 -4.063888e-01 2.758998e-01 2.617176e-01 -7.961279e-02 7.367446e-02 -1.467849e-01 -1.798728e-01 -2.121954e-03 2.435356e-01 7.726469e-02 4.281321e-01 -3.750311e-01 4.820702e-03 -2.558971e-01 -4.084124e-01 -1.241225e-01 
103 1340 0 0 0 8.026698e-01 -9.408646e-03 1.901784e-01 -3.319363e-01 -3.544260e-02 -4.022912e-01 2.738795e-01 2.583729e-01 -8.072286e-02 7.259634e-02 -1.495842e-01 -1.779283e-01 -1.616979e-03 2.438761e-01 7.529105e-02 4.292579e-01 -3.769997e-01 5.859336e-03 -2.572514e-01 -4.071268e-01 -1.201330e-01 
104 1353 0 0 0 8.016675e-01 -1.125696e-02 1.902394e-01 -3.295319e-01 -3.402533e-02 -4.025485e-01 2.758514e-01 2.617975e-01 -8.029085e-02 7.058299e-02 -1.510577e-01 -1.776121e-01 -4.548262e-03 2.483778e-01 7.587126e-02 4.306619e-01 -3.756656e-01 8.251987e-03 -2.594677e-01 -4.048427e-01 -1.193061e-01 
105 1366 0 0 0 8.000228e-01 -1.087394e-02 1.903466e-01 -3.294858e-01 -3.100991e-02 -3.995466e-01 2.782217e-01 2.599922e-01 -8.087255e-02 7.213831e-02 -1.520075e-01 -1.770124e-01 -3.619155e-03 2.468072e-01 7.644384e-02 4.318864e-01 -3.742371e-01 9.620041e-03 -2.606223e-01 -4.054946e-01 -1.183603e-01 
106 1379 0 0 0 8.001001e-01 -1.490521e-02 1.891767e-01 -3.302114e-01 -3.041578e-02 -3.984929e-01 2.766167e-01 2.612774e-01 -7.986070e-02 7.237083e-02 -1.520471e-01 -1.808847e-01 -3.629827e-03 2.456796e-01 7.697823e-02 4.323139e-01 -3.703772e-01 6.800923e-03 -2.583390e-01 -4.076277e-01 -1.172637e-01 
107 1392 0 0 0 8.002258e-01 -1.539937e-02 1.905403e-01 -3.284320e-01 -2.758570e-02 -3.974676e-01 2.781445e-01 2.603292e-01 -7.797799e-02 7.401577e-02 -1.532906e-01 -1.810455e-01 -5.379538e-03 2.459827e-01 7.560352e-02 4.365986e-01 -3.691553e-01 5.829489e-03 -2.558271e-01 -4.094613e-01 -1.176053e-01 
108 1405 0 0 0 8.012065e-01 -1.795797e-02 1.917893e-01 -3.327610e-01 -2.567844e-02 -3.960061e-01 2.823652e-01 2.617917e-01 -7.897666e-02 7.220030e-02 -1.507633e-01 -1.816228e-01 -1.782906e-03 2.451420e-01 7.474556e-02 4.389740e-01 -3.672214e-01 4.410281e-03 -2.535164e-01 -4.102808e-01 -1.187167e-01 
109 1418 0 0 0 8.014818e-01 -1.843541e-02 1.903257e-01 -3.331007e-01 -2.717294e-02 -3.973469e-01 2.843447e-01 2.585656e-01 -8.226020e-02 7.048826e-02 -1.508894e-01 -1.824687e-01 -3.982592e-04 2.453858e-01 7.571388e-02 4.386536e-01 -3.677502e-01 6.432399e-03 -2.532657e-01 -4.128879e-01 -1.154936e-01 
110 1431 0 0 0 8.001776e-01 -1.681548e-02 1.882232e-01 -3.310040e-01 -2.773996e-02 -3.979274e-01 2.856720e-01 2.610335e-01 -7.976852e-02 6.958983e-02 -1.490078e-01 -1.838354e-01 -2.142392e-03 2.461838e-01 8.071070e-02 4.380614e-01 -3.695107e-01 7.758507e-03 -2.538349e-01 -4.117710e-01 -1.172579e-01 
111 1444 0 0 0 7.985110e-01 -1.688273e-02 1.866449e-01 -3.302403e-01 -2.614662e-02 -3.951446e-01 2.881140e-01 2.559391e-01 -8.206079e-02 6.882238e-02 -1.484820e-01 -1.846312e-01 -3.919560e-03 2.460258e-01 8.072713e-02 4.347103e-01 -3.682396e-01 8.624568e-03 -2.535886e-01 -4.121466e-01 -1.164224e-01 
112 1457 0 0 0 7.972276e-01 -1.655977e-02 1.837162e-01 -3.317194e-01 -2.617734e-02 -3.934675e-01 2.866931e-01 2.542464e-01 -8.167610e-02 7.047958e-02 -1.508251e-01 -1.856759e-01 -3.159524e-03 2.461242e-01 8.130715e-02 4.324139e-01 -3.654768e-01 1.045602e-02 -2.536372e-01 -4.079232e-01 -1.162606e-01 
113 1470 0 0 0 7.986709e-01 -1.543233e-02 1.854944e-01 -3.336682e-01 -2.857667e-02 -3.927409e-01 2.873691e-01 2.559896e-01 -8.004558e-02 6.983387e-02 -1.508343e-01 -1.865634e-01 -2.169619e-03 2.465614e-01 8.201688e-02 4.335113e-01 -3.625601e-01 9.887561e-03 -2.507210e-01 -4.090521e-01 -1.184240e-01 
114 1483 0 0 0 7.979918e-01 -1.730724e-02 1.847881e-01 -3.333672e-01 -2.674065e-02 -3.914978e-01 2.921015e-01 2.550698e-01 -7.873825e-02 7.229761e-02 -1.511204e-01 -1.898916e-01 -9.571193e-04 2.491302e-01 8.459655e-02 4.315795e-01 -3.572152e-01 1.027759e-02 -2.530441e-01 -4.090322e-01 -1.168657e-01 
115 1496 0 0 0 8.000713e-01 -2.000210e-02 1.845934e-01 -3.339337e-01 -2.505205e-02 -3.936265e-01 2.918902e-01 2.575297e-01 -7.581132e-02 7.138999e-02 -1.525083e-01 -1.883570e-01 -4.399466e-03 2.516282e-01 8.523182e-02 4.266667e-01 -3.551818e-01 1.216074e-02 -2.521924e-01 -4.091232e-01 -1.124048e-01 
116 1509 0 0 0 8.026394e-01 -1.978852e-02 1.850232e-01 -3.356227e-01 -2.378361e-02 -3.951654e-01 2.929344e-01 2.556792e-01 -7.581149e-02 6.900290e-02 -1.520257e-01 -1.862157e-01 -4.815654e-03 2.499891e-01 8.398174e-02 4.274287e-01 -3.531870e-01 9.830986e-03 -2.515217e-01 -4.121710e-01 -1.112718e-01 
117 1522 0 0 0 8.019869e-01 -2.245763e-02 1.875248e-01 -3.384769e-01 -2.444821e-02 -3.925570e-01 2.947575e-01 2.542291e-01 -7.827786e-02 6.755999e-02 -1.510268e-01 -1.852907e-01 -4.083721e-03 2.478506e-01 8.243152e-02 4.290588e-01 -3.514624e-01 1.215877e-02 -2.538102e-01 -4.049123e-01 -1.130226e-01 
118 1535 0 0 0 7.979122e-01 -1.939021e-02 1.872340e-01 -3.367039e-01 -2.204352e-02 -3.940260e-01 2.970407e-01 2.544717e-01 -7.665523e-02 6.919295e-02 -1.499902e-01 -1.832767e-01 -6.575442e-03 2.526020e-01 8.205671e-02 4.289540e-01 -3.506371e-01 1.152500e-02 -2.568982e-01 -4.039278e-01 -1.098020e-01 
119 1548 0 0 0 7.960739e-01 -2.018163e-02 1.860883e-01 -3.344386e-01 -2.389785e-02 -3.972491e-01 2.968106e-01 2.514133e-01 -7.565303e-02 7.093951e-02 -1.506824e-01 -1.814353e-01 -6.027195e-03 2.533405e-01 8.227671e-02 4.260641e-01 -3.513320e-01 1.286057e-02 -2.549572e-01 -4.043758e-01 -1.100529e-01 
120 1561 0 0 0 7.940688e-01 -1.718867e-02 1.879251e-01 -3.372227e-01 -2.515457e-02 -3.952034e-01 2.943016e-01 2.569560e-01 -7.732475e-02 6.818507e-02 -1.558846e-01 -1.809523e-01 -4.694070e-03 2.480578e-01 8.003814e-02 4.244198e-01 -3.524072e-01 9.513804e-03 -2.562945e-01 -4.085110e-01 -1.069699e-01 
121 1574 0 0 0 7.926208e-01 -1.267089e-02 1.880082e-01 -3.373381e-01 -2.307026e-02 -3.969724e-01 2.908050e-01 2.647577e-01 -7.666963e-02 6.958574e-02 -1.579985e-01 -1.770943e-01 -4.458351e-03 2.467981e-01 7.776907e-02 4.236912e-01 -3.514465e-01 1.013677e-02 -2.561982e-01 -4.076165e-01 -1.044082e-01 
122 1587 0 0 0 7.908139e-01 -1.043300e-02 1.869247e-01 -3.403426e-01 -2.508832e-02 -3.997449e-01 2.873362e-01 2.663241e-01 -7.655154e-02 7.101751e-02 -1.599315e-01 -1.751991e-01 -1.208236e-02 2.454393e-01 7.852162e-02 4.273077e-01 -3.494907e-01 1.095981e-02 -2.544279e-01 -4.098153e-01 -1.028899e-01 
123 1600 0 0 0 7.894939e-01 -1.333291e-02 1.870218e-01 -3.426608e-01 -2.271682e-02 -4.023433e-01 2.878781e-01 2.668500e-01 -7.134361e-02 7.240681e-02 -1.599182e-01 -1.732198e-01 -1.455205e-02 2.461571e-01 7.806198e-02 4.308208e-01 -3.505395e-01 1.038419e-02 -2.550039e-01 -4.122789e-01 -1.008723e-01 
124 1613 0 0 0 7.888069e-01 -1.116039e-02 1.864133e-01 -3.452441e-01 -2.159932e-02 -4.017143e-01 2.856939e-01 2.659371e-01 -7.082619e-02 7.321623e-02 -1.605901e-01 -1.731419e-01 -1.356152e-02 2.399742e-01 7.765395e-02 4.247839e-01 -3.470784e-01 9.366540e-03 -2.539284e-01 -4.163343e-01 -1.028833e-01 
125 1626 0 0 0 7.901366e-01 -8.899483e-03 1.877993e-01 -3.414066e-01 -2.521017e-02 -4.002937e-01 2.843932e-01 2.638927e-01 -7.053642e-02 7.263622e-02 -1.599830e-01 -1.742474e-01 -1.696968e-02 2.359943e-01 7.805249e-02 4.238025e-01 -3.468396e-01 7.666569e-03 -2.559874e-01 -4.121023e-01 -1.042292e-01 
126 1639 0 0 0 7.876635e-01 -8.646931e-03 1.876924e-01 -3.439319e-01 -2.699961e-02 -4.029301e-01 2.839456e-01 2.649559e-01 -7.259334e-02 7.222282e-02 -1.597545e-01 -1.722266e-01 -1.865841e-02 2.363840e-01 7.670018e-02 4.223804e-01 -3.469178e-01 8.496447e-03 -2.524292e-01 -4.096188e-01 -1.024226e-01 
127 1652 0 0 0 7.903309e-01 -6.137119e-03 1.893709e-01 -3.442746e-01 -2.913075e-02 -4.064796e-01 2.842192e-01 2.673969e-01 -7.236640e-02 7.408755e-02 -1.548874e-01 -1.751355e-01 -1.492303e-02 2.369404e-01 7.804039e-02 4.242545e-01 -3.424095e-01 8.887619e-03 -2.516080e-01 -4.112396e-01 -1.005591e-01 
128 1665 0 0 0 7.862345e-01 -8.228309e-03 1.885893e-01 -3.427834e-01 -2.626630e-02 -4.100113e-01 2.817594e-01 2.696409e-01 -6.817417e-02 7.653283e-02 -1.579464e-01 -1.710951e-01 -1.978976e-02 2.372170e-01 7.572302e-02 4.253126e-01 -3.448521e-01 6.385007e-03 -2.485368e-01 -4.135049e-01 -1.024209e-01 
129 1678 0 0 0 7.862334e-01 -1.319425e-02 1.883356e-01 -3.431535e-01 -2.556285e-02 -4.045355e-01 2.840791e-01 2.608675e-01 -7.110024e-02 7.694323e-02 -1.594255e-01 -1.719856e-01 -2.482194e-02 2.372267e-01 7.474439e-02 4.314279e-01 -3.441676e-01 5.021833e-03 -2.457803e-01 -4.156424e-01 -1.059683e-01 
130 1691 0 0 0 7.827003e-01 -1.232952e-02 1.900859e-01 -3.441018e-01 -1.858990e-02 -4.046035e-01 2.833922e-01 2.626190e-01 -7.228499e-02 7.610432e-02 -1.589641e-01 -1.732439e-01 -1.751801e-02 2.388362e-01 7.410287e-02 4.271602e-01 -3.474204e-01 3.937879e-03 -2.468154e-01 -4.176967e-01 -1.068543e-01 
131 1704 0 0 0 7.785550e-01 -1.177708e-02 1.885609e-01 -3.450061e-01 -1.855276e-02 -4.104877e-01 2.863303e-01 2.638922e-01 -6.845243e-02 8.036482e-02 -1.587000e-01 -1.742685e-01 -1.889896e-02 2.412469e-01 7.584034e-02 4.294529e-01 -3.470274e-01 2.039958e-03 -2.461096e-01 -4.201652e-01 -1.101101e-01 
132 1717 0 0 0 7.767276e-01 -1.498633e-02 1.883020e-01 -3.454757e-01 -1.521483e-02 -4.118280e-01 2.863694e-01 2.602762e-01 -7.051242e-02 7.946202e-02 -1.581815e-01 -1.723052e-01 -1.349960e-02 2.424730e-01 7.332949e-02 4.327570e-01 -3.481284e-01 1.178536e-03 -2.455914e-01 -4.247205e-01 -1.087812e-01 
133 1730 0 0 0 7.766322e-01 -1.146846e-02 1.891434e-01 -3.447473e-01 -1.716059e-02 -4.113013e-01 2.842419e-01 2.659451e-01 -6.442772e-02 8.277620e-02 -1.623189e-01 -1.697718e-01 -1.631749e-02 2.427125e-01 7.369596e-02 4.305362e-01 -3.499451e-01 2.510653e-03 -2.494801e-01 -4.188215e-01 -1.070113e-01 
134 1743 0 0 0 7.710643e-01 -1.148976e-02 1.868536e-01 -3.432065e-01 -1.735855e-02 -4.128890e-01 2.837496e-01 2.635663e-01 -6.906407e-02 8.517935e-02 -1.620057e-01 -1.627502e-01 -1.528769e-02 2.406695e-01 7.015320e-02 4.334882e-01 -3.532161e-01 4.320063e-03 -2.509996e-01 -4.147426e-01 -1.053788e-01 
135 1756 0 0 0 7.738876e-01 -1.180687e-02 1.867577e-01 -3.390392e-01 -1.756876e-02 -4.102692e-01 2.828651e-01 2.661077e-01 -6.823283e-02 8.621469e-02 -1.599473e-01 -1.638891e-01 -1.580248e-02 2.442946e-01 7.049249e-02 4.346951e-01 -3.543594e-01 2.274502e-03 -2.491400e-01 -4.162233e-01 -1.103860e-01 
136 1769 0 0 0 7.757534e-01 -8.198765e-03 1.848015e-01 -3.481818e-01 -2.109904e-02 -4.053161e-01 2.837403e-01 2.664862e-01 -7.236541e-02 8.206682e-02 -1.589318e-01 -1.691338e-01 -1.430077e-02 2.370837e-01 7.318235e-02 4.299462e-01 -3.473763e-01 3.261192e-03 -2.473253e-01 -4.194193e-01 -1.093109e-01 
137 1782 0 0 0 7.743476e-01 -1.016380e-02 1.830758e-01 -3.453744e-01 -2.060328e-02 -4.038541e-01 2.853721e-01 2.649309e-01 -7.360172e-02 8.436093e-02 -1.606344e-01 -1.697459e-01 -1.706689e-02 2.354654e-01 7.389192e-02 4.322362e-01 -3.456801e-01 2.841553e-03 -2.485472e-01 -4.136615e-01 -1.099669e-01 
138 1795 0 0 0 7.755390e-01 -1.240740e-02 1.851287e-01 -3.452852e-01 -2.127006e-02 -4.009670e-01 2.881684e-01 2.632091e-01 -7.273677e-02 7.940448e-02 -1.593440e-01 -1.729024e-01 -1.590208e-02 2.373916e-01 7.442596e-02 4.318537e-01 -3.449338e-01 6.768523e-04 -2.486854e-01 -4.162800e-01 -1.095538e-01 
139 1808 0 0 0 7.738811e-01 -1.341188e-02 1.829010e-01 -3.477616e-01 -1.946321e-02 -3.996821e-01 2.870478e-01 2.631053e-01 -7.811553e-02 7.670361e-02 -1.585956e-01 -1.722084e-01 -1.340683e-02 2.357996e-01 7.478686e-02 4.272617e-01 -3.465647e-01 2.499052e-03 -2.483552e-01 -4.169702e-01 -1.092871e-01 
140 1821 0 0 0 7.741597e-01 -1.276409e-02 1.821027e-01 -3.466138e-01 -1.900612e-02 -3.992908e-01 2.870688e-01 2.652470e-01 -7.741030e-02 7.686200e-02 -1.608723e-01 -1.733288e-01 -1.342853e-02 2.380692e-01 7.587364e-02 4.277383e-01 -3.470815e-01 -4.968076e-04 -2.470792e-01 -4.195030e-01 -1.071749e-01 
141 1834 0 0 0 7.723017e-01 -1.098175e-02 1.824513e-01 -3.463300e-01 -1.567191e-02 -4.002651e-01 2.872631e-01 2.661246e-01 -7.631971e-02 7.669681e-02 -1.630663e-01 -1.708815e-01 -1.165061e-02 2.376337e-01 7.460578e-02 4.285233e-01 -3.477295e-01 7.170845e-04 -2.469714e-01 -4.189914e-01 -1.051959e-01 
142 1847 0 0 0 7.695264e-01 -1.128543e-02 1.803633e-01 -3.476509e-01 -1.654360e-02 -4.023019e-01 2.898489e-01 2.634668e-01 -7.719316e-02 7.749783e-02 -1.616081e-01 -1.719699e-01 -9.413560e-03 2.370132e-01 7.580192e-02 4.263407e-01 -3.491160e-01 1.572415e-03 -2.472219e-01 -4.231866e-01 -1.063398e-01 
143 1860 0 0 0 7.683801e-01 -1.292880e-02 1.820952e-01 -3.451221e-01 -1.886877e-02 -4.040077e-01 2.884198e-01 2.630762e-01 -7.945480e-02 7.583351e-02 -1.590732e-01 -1.700537e-01 -9.324018e-03 2.394118e-01 7.305447e-02 4.282129e-01 -3.504966e-01 1.130671e-03 -2.483606e-01 -4.236288e-01 -1.081540e-01 
144 1873 0 0 0 7.677085e-01 -1.374564e-02 1.815378e-01 -3.444019e-01 -1.891044e-02 -4.034908e-01 2.869447e-01 2.626775e-01 -8.044091e-02 7.407739e-02 -1.586387e-01 -1.701831e-01 -9.117196e-03 2.397137e-01 7.229305e-02 4.266048e-01 -3.516923e-01 3.020880e-04 -2.490418e-01 -4.239469e-01 -1.085019e-01 
145 1886 0 0 0 7.700765e-01 -1.623931e-02 1.844299e-01 -3.424869e-01 -1.961659e-02 -4.052636e-01 2.856250e-01 2.606874e-01 -8.200262e-02 7.418844e-02 -1.551203e-01 -1.693212e-01 -8.385327e-03 2.384467e-01 7.056514e-02 4.270409e-01 -3.533535e-01 6.219365e-05 -2.477467e-01 -4.266314e-01 -1.069399e-01 
146 1899 0 0 0 7.703517e-01 -1.563293e-02 1.879794e-01 -3.388564e-01 -2.259214e-02 -4.049956e-01 2.863835e-01 2.615867e-01 -8.286763e-02 7.392774e-02 -1.540051e-01 -1.684687e-01 -1.185354e-02 2.389919e-01 6.899721e-02 4.288868e-01 -3.553507e-01 -7.037464e-05 -2.457570e-01 -4.260111e-01 -1.056659e-01 
147 1912 0 0 0 7.682025e-01 -1.409219e-02 1.901948e-01 -3.404343e-01 -2.243685e-02 -4.049860e-01 2.850667e-01 2.602898e-01 -8.616188e-02 6.930791e-02 -1.540212e-01 -1.663927e-01 -1.026984e-02 2.425899e-01 6.598530e-02 4.296401e-01 -3.594965e-01 -1.910743e-04 -2.430209e-01 -4.310550e-01 -1.005114e-01 
148 1925 0 0 0 7.677045e-01 -1.597522e-02 1.919267e-01 -3.426540e-01 -2.163950e-02 -4.052308e-01 2.861938e-01 2.620260e-01 -8.698508e-02 6.632424e-02 -1.528291e-01 -1.676841e-01 -9.624089e-03 2.442076e-01 6.652214e-02 4.320449e-01 -3.600803e-01 2.731492e-03 -2.404923e-01 -4.336718e-01 -1.037224e-01 
149 1938 0 0 0 7.624248e-01 -1.314919e-02 1.870122e-01 -3.441661e-01 -2.084981e-02 -4.045470e-01 2.825400e-01 2.622156e-01 -9.041099e-02 6.668204e-02 -1.524674e-01 -1.654718e-01 -8.447526e-03 2.432901e-01 6.645656e-02 4.276853e-01 -3.600450e-01 2.133472e-03 -2.429921e-01 -4.318038e-01 -1.000100e-01 
150 1951 0 0 0 7.617489e-01 -1.207630e-02 1.886040e-01 -3.437558e-01 -1.907656e-02 -4.050124e-01 2.794244e-01 2.617936e-01 -9.228240e-02 6.575229e-02 -1.534999e-01 -1.628088e-01 -6.354721e-03 2.459024e-01 6.319953e-02 4.257554e-01 -3.569804e-01 1.234763e-03 -2.420032e-01 -4.379195e-01 -1.005197e-01 
151 1964 0 0 0 7.615632e-01 -1.206777e-02 1.904311e-01 -3.443429e-01 -1.959159e-02 -4.060651e-01 2.786974e-01 2.582521e-01 -9.407864e-02 6.650215e-02 -1.512261e-01 -1.614693e-01 -6.667537e-03 2.451666e-01 6.117928e-02 4.247009e-01 -3.587141e-01 2.296878e-03 -2.420832e-01 -4.380328e-01 -9.815893e-02 
152 1977 0 0 0 7.612857e-01 -9.436463e-03 1.938297e-01 -3.439467e-01 -1.539499e-02 -4.096553e-01 2.794146e-01 2.586976e-01 -9.171086e-02 6.644232e-02 -1.547245e-01 -1.605543e-01 -5.630300e-03 2.457796e-01 6.121423e-02 4.243879e-01 -3.574313e-01 2.247477e-03 -2.448693e-01 -4.380250e-01 -9.669323e-02 
153 1990 0 0 0 7.632241e-01 -7.985965e-03 1.930889e-01 -3.443513e-01 -1.505936e-02 -4.091389e-01 2.780662e-01 2.613199e-01 -8.942275e-02 6.465439e-02 -1.534938e-01 -1.609393e-01 -3.625535e-03 2.469683e-01 6.217251e-02 4.217419e-01 -3.574431e-01 3.325647e-03 -2.466526e-01 -4.413335e-01 -9.987139e-02 
154 2003 0 0 0 7.637865e-01 -8.594326e-03 1.916403e-01 -3.475181e-01 -1.393478e-02 -4.065591e-01 2.798865e-01 2.618235e-01 -8.656257e-02 6.201535e-02 -1.538167e-01 -1.591187e-01 -9.852852e-03 2.501853e-01 6.255336e-02 4.197430e-01 -3.519565e-01 3.515893e-03 -2.453691e-01 -4.436488e-01 -1.054297e-01 
155 2016 0 0 0 7.602298e-01 -8.776216e-03 1.921049e-01 -3.479548e-01 -1.157252e-02 -4.051773e-01 2.824196e-01 2.637254e-01 -8.607063e-02 6.026886e-02 -1.569871e-01 -1.584552e-01 -7.798176e-03 2.543826e-01 6.353513e-02 4.189485e-01 -3.513670e-01 6.853415e-03 -2.470921e-01 -4.430743e-01 -1.058558e-01 
156 2029 0 0 0 7.600526e-01 -1.180561e-02 1.934419e-01 -3.481025e-01 -1.128149e-02 -4.044526e-01 2.833430e-01 2.619562e-01 -8.736977e-02 5.759567e-02 -1.603206e-01 -1.580572e-01 -6.836824e-03 2.571739e-01 6.325484e-02 4.221817e-01 -3.566059e-01 8.715113e-03 -2.464464e-01 -4.444267e-01 -1.077187e-01 
157 2042 0 0 0 7.574082e-01 -1.418927e-02 1.959103e-01 -3.442521e-01 -5.389220e-03 -4.052423e-01 2.870392e-01 2.603026e-01 -8.803979e-02 5.710813e-02 -1.566580e-01 -1.547245e-01 -6.509051e-03 2.634787e-01 6.028444e-02 4.226066e-01 -3.548942e-01 9.466956e-03 -2.441249e-01 -4.449916e-01 -1.086507e-01 
158 2055 0 0 0 7.542420e-01 -1.547554e-02 1.920006e-01 -3.375881e-01 -4.224306e-03 -4.015202e-01 2.860991e-01 2.546058e-01 -8.534984e-02 6.051033e-02 -1.552275e-01 -1.527121e-01 -1.239378e-02 2.663922e-01 6.068977e-02 4.239607e-01 -3.523641e-01 8.935960e-03 -2.434636e-01 -4.445734e-01 -1.119583e-01 
159 2068 0 0 0 7.532263e-01 -1.430822e-02 1.923278e-01 -3.392070e-01 2.683251e-03 -4.001703e-01 2.880878e-01 2.525744e-01 -8.352301e-02 6.295864e-02 -1.572385e-01 -1.560015e-01 -8.541334e-03 2.678868e-01 6.156836e-02 4.230242e-01 -3.513900e-01 7.602095e-03 -2.421027e-01 -4.474390e-01 -1.142308e-01 
160 2081 0 0 0 7.542970e-01 -1.444932e-02 1.919055e-01 -3.421595e-01 1.341594e-03 -3.990823e-01 2.862535e-01 2.553404e-01 -8.480668e-02 6.396491e-02 -1.576731e-01 -1.590986e-01 -3.724476e-03 2.661550e-01 6.350534e-02 4.192297e-01 -3.523962e-01 7.421049e-03 -2.383323e-01 -4.514350e-01 -1.171876e-01 
161 2094 0 0 0 7.531340e-01 -1.708799e-02 1.883882e-01 -3.383712e-01 2.124314e-03 -4.005504e-01 2.872516e-01 2.544812e-01 -8.581681e-02 6.222448e-02 -1.554109e-01 -1.575853e-01 -3.865751e-03 2.696488e-01 6.444187e-02 4.143121e-01 -3.566539e-01 9.264816e-03 -2.387715e-01 -4.552475e-01 -1.135346e-01 
162 2107 0 0 0 7.513705e-01 -2.056200e-02 1.893458e-01 -3.380618e-01 5.724289e-03 -3.979811e-01 2.886480e-01 2.532325e-01 -9.194267e-02 5.920658e-02 -1.583945e-01 -1.604713e-01 2.168921e-03 2.674988e-01 6.514773e-02 4.112017e-01 -3.582620e-01 9.226886e-03 -2.368973e-01 -4.605368e-01 -1.168262e-01 
163 2120 0 0 0 7.529714e-01 -1.806786e-02 1.864747e-01 -3.385240e-01 1.334788e-03 -3.931600e-01 2.885486e-01 2.522926e-01 -9.318065e-02 5.602003e-02 -1.598697e-01 -1.648997e-01 3.611397e-03 2.658395e-01 6.686319e-02 4.097781e-01 -3.520703e-01 8.482824e-03 -2.388496e-01 -4.620136e-01 -1.188065e-01 
164 2133 0 0 0 7.556982e-01 -1.446279e-02 1.860387e-01 -3.330658e-01 -3.255098e-03 -3.951246e-01 2.861039e-01 2.506637e-01 -8.914627e-02 5.647383e-02 -1.583111e-01 -1.636106e-01 1.487003e-03 2.662000e-01 6.613318e-02 4.087016e-01 -3.544737e-01 6.198805e-03 -2.409210e-01 -4.667426e-01 -1.168950e-01 
165 2146 0 0 0 7.540942e-01 -2.004755e-02 1.869396e-01 -3.344572e-01 -3.811003e-04 -3.976456e-01 2.897317e-01 2.526139e-01 -8.835111e-02 5.844560e-02 -1.598386e-01 -1.647836e-01 5.444646e-03 2.684966e-01 6.628546e-02 4.069925e-01 -3.545085e-01 6.479665e-03 -2.396083e-01 -4.687901e-01 -1.133661e-01 
166 2159 0 0 0 7.528029e-01 -2.094506e-02 1.877714e-01 -3.336537e-01 2.717449e-03 -3.947556e-01 2.905733e-01 2.540311e-01 -9.011629e-02 5.625304e-02 -1.595727e-01 -1.629424e-01 5.761241e-03 2.672903e-01 6.731213e-02 4.047530e-01 -3.549653e-01 1.172028e-02 -2.384215e-01 -4.648082e-01 -1.103147e-01 
167 2172 0 0 0 7.547046e-01 -2.044682e-02 1.879250e-01 -3.309636e-01 -1.439058e-03 -3.956982e-01 2.887980e-01 2.501793e-01 -9.341501e-02 5.534024e-02 -1.566959e-01 -1.625465e-01 1.572318e-03 2.642363e-01 6.667303e-02 4.077005e-01 -3.547987e-01 1.241004e-02 -2.333843e-01 -4.583806e-01 -1.087690e-01 
168 2185 0 0 0 7.552931e-01 -1.934423e-02 1.899401e-01 -3.320610e-01 4.107308e-04 -3.974969e-01 2.896455e-01 2.521793e-01 -9.699317e-02 5.340586e-02 -1.561206e-01 -1.612471e-01 2.369081e-03 2.649200e-01 6.385644e-02 4.022837e-01 -3.571835e-01 1.146751e-02 -2.359256e-01 -4.592405e-01 -1.007210e-01 
169 2198 0 0 0 7.531215e-01 -2.280532e-02 1.892331e-01 -3.297664e-01 -1.023053e-03 -3.961667e-01 2.896204e-01 2.531550e-01 -9.896137e-02 4.572960e-02 -1.573290e-01 -1.605290e-01 3.898579e-03 2.672696e-01 6.372409e-02 4.003797e-01 -3.616659e-01 1.109272e-02 -2.354324e-01 -4.617784e-01 -9.953179e-02 
170 2211 0 0 0 7.554289e-01 -2.061634e-02 1.931081e-01 -3.322129e-01 -6.640772e-04 -3.908305e-01 2.912764e-01 2.538841e-01 -1.010316e-01 4.037216e-02 -1.562664e-01 -1.607048e-01 6.366694e-03 2.693653e-01 6.275975e-02 4.009619e-01 -3.672479e-01 1.296895e-02 -2.390978e-01 -4.672281e-01 -9.893358e-02 
171 2224 0 0 0 7.539168e-01 -1.831251e-02 1.879617e-01 -3.291507e-01 -2.813930e-03 -3.963661e-01 2.909086e-01 2.575357e-01 -9.512846e-02 4.595155e-02 -1.615549e-01 -1.573390e-01 -1.952651e-03 2.668801e-01 6.382753e-02 4.010681e-01 -3.642898e-01 1.449445e-02 -2.401401e-01 -4.635255e-01 -1.009731e-01 
172 2237 0 0 0 7.554160e-01 -1.570172e-02 1.885034e-01 -3.276979e-01 -3.667025e-03 -3.975439e-01 2.897618e-01 2.588950e-01 -9.462071e-02 5.009189e-02 -1.607366e-01 -1.611580e-01 -2.156070e-03 2.657706e-01 6.566703e-02 4.006795e-01 -3.626261e-01 1.142160e-02 -2.391854e-01 -4.606743e-01 -1.009733e-01 
173 2250 0 0 0 7.550564e-01 -1.644031e-02 1.902936e-01 -3.280103e-01 -3.258702e-03 -3.975638e-01 2.921802e-01 2.590598e-01 -9.403788e-02 4.688317e-02 -1.627680e-01 -1.589483e-01 -9.566882e-04 2.691703e-01 6.362790e-02 4.040699e-01 -3.650898e-01 1.132304e-02 -2.404278e-01 -4.597950e-01 -1.073097e-01 
174 2263 0 0 0 7.537651e-01 -1.834500e-02 1.922479e-01 -3.264454e-01 1.193505e-03 -3.979227e-01 2.929730e-01 2.555527e-01 -9.310431e-02 4.838306e-02 -1.622462e-01 -1.575060e-01 -9.990849e-04 2.717622e-01 6.073816e-02 4.037290e-01 -3.656888e-01 8.656016e-03 -2.393787e-01 -4.618830e-01 -1.088341e-01 
175 2276 0 0 0 7.503749e-01 -1.785345e-02 1.915148e-01 -3.269384e-01 -4.409052e-03 -3.974707e-01 2.922550e-01 2.528365e-01 -9.547003e-02 4.602313e-02 -1.609277e-01 -1.578021e-01 -2.673548e-03 2.698587e-01 5.966046e-02 4.032489e-01 -3.635653e-01 5.171080e-03 -2.432119e-01 -4.652615e-01 -1.123470e-01 
176 2289 0 0 0 7.509603e-01 -1.980228e-02 1.943985e-01 -3.289832e-01 -4.976830e-03 -3.975302e-01 2.910889e-01 2.555548e-01 -9.970662e-02 4.271645e-02 -1.605718e-01 -1.574927e-01 2.125684e-03 2.666591e-01 5.588571e-02 4.001145e-01 -3.620917e-01 2.280750e-03 -2.426587e-01 -4.715338e-01 -1.104378e-01 
177 2302 0 0 0 7.530589e-01 -1.966547e-02 1.963486e-01 -3.285429e-01 -6.263716e-03 -3.972488e-01 2.912105e-01 2.529012e-01 -9.843804e-02 3.809199e-02 -1.550023e-01 -1.564666e-01 2.333614e-03 2.695041e-01 5.430647e-02 3.997440e-01 -3.664654e-01 2.293861e-03 -2.421623e-01 -4.756404e-01 -1.150899e-01 
178 2315 0 0 0 7.509270e-01 -1.990577e-02 1.955181e-01 -3.303823e-01 -6.596959e-03 -3.943273e-01 2.930796e-01 2.537824e-01 -9.939814e-02 3.608588e-02 -1.559439e-01 -1.541048e-01 5.428282e-03 2.674034e-01 5.598375e-02 3.965414e-01 -3.663030e-01 9.541540e-03 -2.397439e-01 -4.744745e-01 -1.156690e-01 
179 2328 0 0 0 7.476141e-01 -1.737883e-02 1.933187e-01 -3.284831e-01 -3.694522e-03 -3.912627e-01 2.941612e-01 2.541997e-01 -1.001228e-01 3.335324e-02 -1.605054e-01 -1.507841e-01 4.810407e-03 2.724533e-01 5.572953e-02 3.959362e-01 -3.665094e-01 1.055972e-02 -2.442612e-01 -4.740127e-01 -1.170737e-01 
180 2341 0 0 0 7.451653e-01 -2.046467e-02 1.938377e-01 -3.315637e-01 -2.664579e-03 -3.882181e-01 3.001186e-01 2.549514e-01 -9.874917e-02 3.305362e-02 -1.648197e-01 -1.544844e-01 1.193721e-02 2.708382e-01 5.833150e-02 3.984356e-01 -3.651250e-01 1.063163e-02 -2.450401e-01 -4.728699e-01 -1.212940e-01 
181 2354 0 0 0 7.432775e-01 -2.186414e-02 1.945263e-01 -3.288373e-01 -1.793065e-03 -3.922886e-01 3.050518e-01 2.558479e-01 -1.015087e-01 3.653555e-02 -1.656108e-01 -1.531450e-01 1.340994e-02 2.751169e-01 5.765739e-02 3.972226e-01 -3.676026e-01 1.145286e-02 -2.419225e-01 -4.766845e-01 -1.166845e-01 
182 2367 0 0 0 7.416942e-01 -2.223514e-02 1.957702e-01 -3.323094e-01 9.440580e-04 -3.893516e-01 3.079693e-01 2.567949e-01 -1.071212e-01 3.323001e-02 -1.670298e-01 -1.541543e-01 1.978132e-02 2.737164e-01 5.805978e-02 3.927895e-01 -3.677398e-01 1.496351e-02 -2.420079e-01 -4.813163e-01 -1.163567e-01 
183 2380 0 0 0 7.460310e-01 -2.438042e-02 1.974773e-01 -3.344875e-01 -7.447671e-04 -3.873487e-01 3.093179e-01 2.555565e-01 -1.079495e-01 2.927416e-02 -1.612037e-01 -1.536619e-01 1.954033e-02 2.756191e-01 5.777380e-02 3.942239e-01 -3.703400e-01 1.640278e-02 -2.430995e-01 -4.777309e-01 -1.152078e-01 
184 2393 0 0 0 7.453738e-01 -2.654048e-02 1.972478e-01 -3.323931e-01 1.327084e-03 -3.834590e-01 3.099469e-01 2.512384e-01 -1.082501e-01 2.935219e-02 -1.600169e-01 -1.568811e-01 2.164769e-02 2.763799e-01 5.973890e-02 3.991070e-01 -3.684543e-01 1.514313e-02 -2.425115e-01 -4.774732e-01 -1.210081e-01 
185 2406 0 0 0 7.463343e-01 -2.220975e-02 1.959531e-01 -3.338284e-01 5.432942e-03 -3.893692e-01 3.050752e-01 2.573718e-01 -1.021688e-01 3.223645e-02 -1.637849e-01 -1.545057e-01 2.244382e-02 2.760571e-01 5.909851e-02 3.943086e-01 -3.682657e-01 1.293904e-02 -2.447297e-01 -4.767253e-01 -1.216352e-01 
186 2419 0 0 0 7.483485e-01 -2.361206e-02 1.974789e-01 -3.313942e-01 5.716162e-03 -3.904490e-01 3.043456e-01 2.598869e-01 -1.026152e-01 2.885533e-02 -1.611925e-01 -1.541334e-01 2.384382e-02 2.770058e-01 5.692690e-02 3.909885e-01 -3.704128e-01 1.041437e-02 -2.452863e-01 -4.802704e-01 -1.212620e-01 
187 2432 0 0 0 7.482404e-01 -2.207695e-02 1.979772e-01 -3.347407e-01 7.614153e-03 -3.885754e-01 3.066930e-01 2.596517e-01 -1.004529e-01 2.865880e-02 -1.627787e-01 -1.537776e-01 2.575054e-02 2.752566e-01 5.641367e-02 3.935602e-01 -3.702331e-01 7.743508e-03 -2.442593e-01 -4.764424e-01 -1.182896e-01 
188 2445 0 0 0 7.482270e-01 -2.372300e-02 1.980751e-01 -3.303906e-01 8.224126e-03 -3.913624e-01 3.076448e-01 2.612124e-01 -9.731927e-02 3.302962e-02 -1.608439e-01 -1.523821e-01 2.426051e-02 2.772310e-01 5.654250e-02 3.971439e-01 -3.766163e-01 9.255590e-03 -2.423888e-01 -4.777977e-01 -1.201897e-01 
189 2458 0 0 0 7.508596e-01 -2.321639e-02 2.001951e-01 -3.292824e-01 6.153933e-03 -3.895558e-01 3.072649e-01 2.645427e-01 -9.566025e-02 3.091818e-02 -1.622370e-01 -1.532674e-01 2.548421e-02 2.754287e-01 5.520037e-02 3.979433e-01 -3.785631e-01 6.283218e-03 -2.432377e-01 -4.779506e-01 -1.177073e-01 
190 2471 0 0 0 7.458842e-01 -2.450271e-02 1.985962e-01 -3.313476e-01 1.020718e-02 -3.890180e-01 3.100370e-01 2.613074e-01 -9.550573e-02 2.831726e-02 -1.638188e-01 -1.499373e-01 2.441058e-02 2.791521e-01 5.349861e-02 3.999683e-01 -3.789141e-01 6.255078e-03 -2.446113e-01 -4.800638e-01 -1.175517e-01 
191 2484 0 0 0 7.450137e-01 -2.681981e-02 1.994291e-01 -3.333527e-01 1.334005e-02 -3.875656e-01 3.142195e-01 2.596808e-01 -9.792819e-02 2.377138e-02 -1.646493e-01 -1.502407e-01 2.594532e-02 2.799123e-01 5.403291e-02 4.006154e-01 -3.785989e-01 9.130144e-03 -2.428600e-01 -4.795701e-01 -1.176210e-01 
192 2497 0 0 0 7.468820e-01 -2.967231e-02 1.982000e-01 -3.330865e-01 1.141347e-02 -3.841759e-01 3.113843e-01 2.553181e-01 -9.934842e-02 2.195962e-02 -1.628645e-01 -1.517116e-01 2.543787e-02 2.787331e-01 5.496829e-02 4.031532e-01 -3.827761e-01 1.050132e-02 -2.447827e-01 -4.765854e-01 -1.211901e-01 
193 2510 0 0 0 7.455933e-01 -2.654575e-02 1.985635e-01 -3.335915e-01 1.237185e-02 -3.826373e-01 3.124490e-01 2.608178e-01 -9.969260e-02 2.308060e-02 -1.638620e-01 -1.516805e-01 2.727582e-02 2.763273e-01 5.648671e-02 4.006958e-01 -3.810480e-01 1.221763e-02 -2.438399e-01 -4.769487e-01 -1.214495e-01 
194 2523 0 0 0 7.430947e-01 -2.524177e-02 1.985050e-01 -3.328805e-01 1.737706e-02 -3.839114e-01 3.107249e-01 2.606951e-01 -9.989507e-02 2.298108e-02 -1.661701e-01 -1.507316e-01 2.800792e-02 2.777477e-01 5.616442e-02 4.026600e-01 -3.865015e-01 1.262620e-02 -2.409076e-01 -4.769213e-01 -1.210098e-01 
195 2536 0 0 0 7.376910e-01 -2.267923e-02 1.984930e-01 -3.339998e-01 2.069745e-02 -3.830688e-01 3.118810e-01 2.589163e-01 -1.012792e-01 1.923632e-02 -1.677751e-01 -1.493156e-01 2.853777e-02 2.784492e-01 5.662500e-02 4.036267e-01 -3.849128e-01 1.468086e-02 -2.415698e-01 -4.772571e-01 -1.219946e-01 
196 2549 0 0 0 7.329677e-01 -2.462548e-02 1.974525e-01 -3.322817e-01 2.015733e-02 -3.824148e-01 3.130732e-01 2.556515e-01 -1.038000e-01 1.531446e-02 -1.667688e-01 -1.477887e-01 2.983455e-02 2.798884e-01 5.459849e-02 4.046553e-01 -3.875619e-01 1.339409e-02 -2.421791e-01 -4.838823e-01 -1.235840e-01 
197 2562 0 0 0 7.348593e-01 -2.544535e-02 1.955706e-01 -3.307032e-01 1.578014e-02 -3.851882e-01 3.128772e-01 2.524547e-01 -1.009601e-01 2.015181e-02 -1.684669e-01 -1.471283e-01 2.341966e-02 2.796508e-01 5.508601e-02 4.073429e-01 -3.863197e-01 1.437129e-02 -2.411134e-01 -4.780886e-01 -1.225438e-01 
198 2575 0 0 0 7.321726e-01 -2.418211e-02 1.968143e-01 -3.263196e-01 1.795449e-02 -3.854095e-01 3.112767e-01 2.521674e-01 -1.005220e-01 1.797608e-02 -1.681448e-01 -1.449082e-01 2.287981e-02 2.815219e-01 5.319524e-02 4.097430e-01 -3.879357e-01 1.354758e-02 -2.403807e-01 -4.792039e-01 -1.212141e-01 
199 2588 0 0 0 7.335304e-01 -2.566461e-02 1.950495e-01 -3.272184e-01 1.977900e-02 -3.833858e-01 3.132362e-01 2.500518e-01 -9.554552e-02 2.054084e-02 -1.672062e-01 -1.478740e-01 2.103614e-02 2.817114e-01 5.585997e-02 4.113620e-01 -3.854320e-01 1.252469e-02 -2.395788e-01 -4.793673e-01 -1.251505e-01 
200 2601 0 0 0 7.357041e-01 -2.419284e-02 1.962099e-01 -3.266756e-01 1.503461e-02 -3.857084e-01 3.096225e-01 2.493119e-01 -9.593928e-02 1.955053e-02 -1.663770e-01 -1.462470e-01 2.058702e-02 2.778868e-01 5.364075e-02 4.067765e-01 -3.852824e-01 1.047986e-02 -2.422702e-01 -4.831164e-01 -1.287207e-01 
201 2614 0 0 0 7.348391e-01 -2.337956e-02 1.969156e-01 -3.268070e-01 1.437600e-02 -3.885124e-01 3.097988e-01 2.509364e-01 -9.279582e-02 2.228077e-02 -1.684157e-01 -1.439235e-01 2.104317e-02 2.810122e-01 5.240194e-02 4.101090e-01 -3.875744e-01 9.836925e-03 -2.399628e-01 -4.837630e-01 -1.300570e-01 
202 2627 0 0 0 7.352855e-01 -2.238798e-02 1.964847e-01 -3.275256e-01 1.100430e-02 -3.922245e-01 3.077050e-01 2.559934e-01 -9.150084e-02 2.496596e-02 -1.674176e-01 -1.433420e-01 2.107137e-02 2.778256e-01 5.236569e-02 4.116185e-01 -3.867971e-01 8.654571e-03 -2.392582e-01 -4.827487e-01 -1.320657e-01 
203 2640 0 0 0 7.314402e-01 -1.903500e-02 1.959148e-01 -3.262929e-01 1.500149e-02 -3.907572e-01 3.040449e-01 2.595939e-01 -9.090753e-02 2.698405e-02 -1.688754e-01 -1.430755e-01 2.106202e-02 2.779390e-01 5.111619e-02 4.120926e-01 -3.856954e-01 5.741492e-03 -2.387117e-01 -4.857846e-01 -1.327847e-01 
204 2653 0 0 0 7.333703e-01 -1.962514e-02 1.956190e-01 -3.257422e-01 1.273070e-02 -3.912627e-01 3.073229e-01 2.615328e-01 -9.181326e-02 2.795791e-02 -1.697643e-01 -1.453237e-01 2.207381e-02 2.779550e-01 5.180042e-02 4.128187e-01 -3.876867e-01 4.535508e-03 -2.399707e-01 -4.868511e-01 -1.301026e-01 
205 2666 0 0 0 7.357159e-01 -2.004151e-02 1.978860e-01 -3.226559e-01 9.640281e-03 -3.910286e-01 3.042202e-01 2.582038e-01 -9.407297e-02 2.414880e-02 -1.662328e-01 -1.443744e-01 2.226081e-02 2.734700e-01 4.874899e-02 4.127484e-01 -3.880408e-01 1.910424e-03 -2.380061e-01 -4.857074e-01 -1.307515e-01 
206 2679 0 0 0 7.363917e-01 -2.302105e-02 1.973526e-01 -3.237780e-01 1.156362e-02 -3.916814e-01 3.068693e-01 2.550760e-01 -9.096376e-02 2.514253e-02 -1.664990e-01 -1.458959e-01 2.048881e-02 2.755409e-01 5.115551e-02 4.131855e-01 -3.862678e-01 3.244690e-03 -2.380385e-01 -4.817263e-01 -1.315722e-01 
207 2692 0 0 0 7.384898e-01 -2.342337e-02 1.970085e-01 -3.237475e-01 1.300960e-02 -3.915419e-01 3.076670e-01 2.562083e-01 -9.155041e-02 2.661716e-02 -1.675323e-01 -1.465918e-01 2.294263e-02 2.770892e-01 5.135611e-02 4.108436e-01 -3.861865e-01 3.882378e-03 -2.354198e-01 -4.831698e-01 -1.311612e-01 
208 2705 0 0 0 7.368688e-01 -2.263888e-02 1.957861e-01 -3.275356e-01 1.357928e-02 -3.896358e-01 3.075594e-01 2.565000e-01 -9.085204e-02 2.559715e-02 -1.658411e-01 -1.464730e-01 2.129996e-02 2.777952e-01 5.169636e-02 4.134846e-01 -3.841736e-01 4.219305e-03 -2.343156e-01 -4.817522e-01 -1.331225e-01 
209 2718 0 0 0 7.374535e-01 -2.523574e-02 1.955026e-01 -3.269730e-01 1.504060e-02 -3.885912e-01 3.081979e-01 2.567714e-01 -9.056885e-02 2.428938e-02 -1.653440e-01 -1.457014e-01 2.075025e-02 2.772911e-01 5.019692e-02 4.140359e-01 -3.856361e-01 2.609908e-03 -2.334531e-01 -4.803554e-01 -1.328291e-01 
210 2731 0 0 0 7.379999e-01 -2.353448e-02 1.945163e-01 -3.266104e-01 1.839258e-02 -3.877700e-01 3.105844e-01 2.557318e-01 -8.807925e-02 2.561875e-02 -1.673855e-01 -1.457019e-01 2.116295e-02 2.792589e-01 5.182833e-02 4.129592e-01 -3.850028e-01 4.481550e-03 -2.328250e-01 -4.783068e-01 -1.345680e-01 
211 2744 0 0 0 7.375993e-01 -2.317523e-02 1.946704e-01 -3.262311e-01 1.860906e-02 -3.896162e-01 3.117559e-01 2.563537e-01 -8.646173e-02 2.561247e-02 -1.659129e-01 -1.439588e-01 1.996903e-02 2.805947e-01 5.157614e-02 4.127852e-01 -3.850041e-01 5.001817e-03 -2.320606e-01 -4.798282e-01 -1.339950e-01 
212 2757 0 0 0 7.332708e-01 -2.199880e-02 1.930607e-01 -3.240340e-01 2.012825e-02 -3.879836e-01 3.099983e-01 2.549999e-01 -8.733721e-02 2.300697e-02 -1.682388e-01 -1.425227e-01 1.978205e-02 2.809552e-01 5.081317e-02 4.145894e-01 -3.856748e-01 4.141056e-03 -2.331317e-01 -4.809431e-01 -1.350510e-01 
213 2770 0 0 0 7.322113e-01 -2.120413e-02 1.929664e-01 -3.251959e-01 2.332089e-02 -3.875480e-01 3.103708e-01 2.557514e-01 -8.515999e-02 2.639022e-02 -1.692768e-01 -1.439124e-01 2.060624e-02 2.830682e-01 5.217513e-02 4.176651e-01 -3.858522e-01 4.591405e-03 -2.320290e-01 -4.806571e-01 -1.390695e-01 
214 2783 0 0 0 7.311796e-01 -2.123253e-02 1.931109e-01 -3.259192e-01 2.565275e-02 -3.884964e-01 3.135804e-01 2.559192e-01 -8.424521e-02 2.414872e-02 -1.705397e-01 -1.419955e-01 1.973713e-02 2.850852e-01 5.240154e-02 4.199286e-01 -3.865562e-01 6.948787e-03 -2.314495e-01 -4.817792e-01 -1.384728e-01 
215 2796 0 0 0 7.314226e-01 -2.194695e-02 1.926681e-01 -3.250747e-01 2.466632e-02 -3.887717e-01 3.154745e-01 2.559137e-01 -8.413537e-02 2.331233e-02 -1.701442e-01 -1.424891e-01 2.225954e-02 2.853193e-01 5.205109e-02 4.216865e-01 -3.904381e-01 4.438211e-03 -2.320569e-01 -4.849813e-01 -1.407338e-01 
216 2809 0 0 0 7.301507e-01 -2.106902e-02 1.930075e-01 -3.262088e-01 2.375722e-02 -3.900958e-01 3.148078e-01 2.568023e-01 -8.451442e-02 2.461585e-02 -1.708312e-01 -1.411313e-01 2.282554e-02 2.838254e-01 5.109982e-02 4.236530e-01 -3.910061e-01 4.762848e-03 -2.315961e-01 -4.850676e-01 -1.409761e-01 
217 2822 0 0 0 7.312917e-01 -2.132141e-02 1.906758e-01 -3.267531e-01 2.391959e-02 -3.895746e-01 3.181416e-01 2.551331e-01 -8.167977e-02 2.748157e-02 -1.723946e-01 -1.417797e-01 2.024595e-02 2.846401e-01 5.318119e-02 4.236896e-01 -3.888803e-01 6.002135e-03 -2.314941e-01 -4.819894e-01 -1.414225e-01 
218 2835 0 0 0 7.299532e-01 -2.181320e-02 1.926346e-01 -3.255421e-01 2.604720e-02 -3.891795e-01 3.184302e-01 2.561369e-01 -8.147035e-02 2.515967e-02 -1.714973e-01 -1.407322e-01 2.217670e-02 2.841741e-01 5.113657e-02 4.253072e-01 -3.896365e-01 4.405642e-03 -2.317267e-01 -4.818884e-01 -1.438462e-01 
219 2848 0 0 0 7.299935e-01 -2.047734e-02 1.932677e-01 -3.263644e-01 2.599974e-02 -3.902702e-01 3.177439e-01 2.569687e-01 -8.102970e-02 2.718728e-02 -1.726707e-01 -1.392916e-01 1.981840e-02 2.841806e-01 5.084678e-02 4.234316e-01 -3.901386e-01 5.553747e-03 -2.313682e-01 -4.834898e-01 -1.440307e-01 
220 2861 0 0 0 7.279096e-01 -1.996504e-02 1.934128e-01 -3.267804e-01 2.343588e-02 -3.907069e-01 3.185197e-01 2.583672e-01 -8.355337e-02 2.542089e-02 -1.719928e-01 -1.391830e-01 2.039569e-02 2.851895e-01 5.081823e-02 4.261125e-01 -3.931986e-01 5.810965e-03 -2.323198e-01 -4.847541e-01 -1.455186e-01 
221 2874 0 0 0 7.260331e-01 -2.017251e-02 1.940911e-01 -3.261465e-01 2.559489e-02 -3.912860e-01 3.197540e-01 2.594634e-01 -8.218151e-02 2.412395e-02 -1.712284e-01 -1.364283e-01 1.946455e-02 2.876742e-01 4.838548e-02 4.293854e-01 -3.933577e-01 4.993120e-03 -2.311393e-01 -4.886160e-01 -1.497065e-01 
222 2887 0 0 0 7.256206e-01 -1.584616e-02 1.943980e-01 -3.256290e-01 2.583158e-02 -3.944643e-01 3.173508e-01 2.583338e-01 -8.178133e-02 2.363617e-02 -1.720766e-01 -1.353722e-01 1.865048e-02 2.884841e-01 4.885090e-02 4.289069e-01 -3.909759e-01 5.544000e-03 -2.302371e-01 -4.893245e-01 -1.507199e-01 
223 2900 0 0 0 7.288647e-01 -1.725059e-02 1.931913e-01 -3.247672e-01 2.459527e-02 -3.962376e-01 3.148865e-01 2.571190e-01 -8.010188e-02 2.800022e-02 -1.705816e-01 -1.378285e-01 1.698075e-02 2.860990e-01 5.024354e-02 4.265020e-01 -3.894433e-01 4.559309e-03 -2.291841e-01 -4.885950e-01 -1.512392e-01 
224 2913 0 0 0 7.278271e-01 -1.794556e-02 1.933068e-01 -3.244080e-01 2.409423e-02 -3.975171e-01 3.155278e-01 2.597153e-01 -7.999269e-02 2.957206e-02 -1.724241e-01 -1.379293e-01 1.729548e-02 2.869871e-01 5.005439e-02 4.262336e-01 -3.892655e-01 4.143438e-03 -2.280699e-01 -4.890403e-01 -1.481630e-01 
225 2926 0 0 0 7.290868e-01 -1.472818e-02 1.943026e-01 -3.243027e-01 2.562674e-02 -4.016532e-01 3.144599e-01 2.620255e-01 -8.064835e-02 2.968580e-02 -1.742574e-01 -1.375018e-01 1.921767e-02 2.881171e-01 5.005090e-02 4.281061e-01 -3.925649e-01 3.775118e-03 -2.277894e-01 -4.893283e-01 -1.483786e-01 
226 2939 0 0 0 7.278315e-01 -1.517716e-02 1.943343e-01 -3.260298e-01 2.741155e-02 -4.013364e-01 3.164510e-01 2.603612e-01 -8.140881e-02 2.730771e-02 -1.773873e-01 -1.380087e-01 1.858557e-02 2.906476e-01 5.138894e-02 4.288211e-01 -3.923607e-01 6.428339e-03 -2.288874e-01 -4.849656e-01 -1.487580e-01 
227 2952 0 0 0 7.311007e-01 -1.826571e-02 1.944540e-01 -3.245583e-01 2.903929e-02 -4.001955e-01 3.138390e-01 2.571826e-01 -8.465195e-02 2.742051e-02 -1.767443e-01 -1.403504e-01 2.173258e-02 2.907084e-01 5.088618e-02 4.242306e-01 -3.927362e-01 4.130962e-03 -2.285780e-01 -4.862160e-01 -1.476819e-01 
228 2965 0 0 0 7.321361e-01 -1.923633e-02 1.945773e-01 -3.254398e-01 3.008791e-02 -3.971147e-01 3.142081e-01 2.581700e-01 -8.655090e-02 2.312442e-02 -1.755858e-01 -1.402091e-01 2.071594e-02 2.920769e-01 5.126848e-02 4.234897e-01 -3.942633e-01 6.535314e-03 -2.279599e-01 -4.859647e-01 -1.487551e-01 
229 2978 0 0 0 7.298463e-01 -2.101647e-02 1.932655e-01 -3.271024e-01 3.002032e-02 -3.945216e-01 3.158895e-01 2.569663e-01 -8.669579e-02 2.372797e-02 -1.759722e-01 -1.408030e-01 1.882457e-02 2.920634e-01 5.207033e-02 4.248072e-01 -3.935664e-01 7.608903e-03 -2.273149e-01 -4.856056e-01 -1.497076e-01 
230 2991 0 0 0 7.293100e-01 -2.143274e-02 1.936574e-01 -3.268010e-01 3.133871e-02 -3.967803e-01 3.181839e-01 2.592129e-01 -8.497712e-02 2.599388e-02 -1.771801e-01 -1.402337e-01 2.109672e-02 2.936303e-01 5.217755e-02 4.270845e-01 -3.959385e-01 7.671681e-03 -2.268599e-01 -4.869929e-01 -1.507206e-01 
231 3004 0 0 0 7.321696e-01 -2.023758e-02 1.931659e-01 -3.258858e-01 2.781719e-02 -3.979909e-01 3.166092e-01 2.593384e-01 -8.538648e-02 2.593001e-02 -1.752495e-01 -1.409777e-01 2.206049e-02 2.930016e-01 5.283647e-02 4.261056e-01 -3.972736e-01 7.471668e-03 -2.277154e-01 -4.872453e-01 -1.502452e-01 
232 3017 0 0 0 7.293679e-01 -2.003981e-02 1.928491e-01 -3.226822e-01 2.931069e-02 -3.967814e-01 3.149512e-01 2.583962e-01 -8.263857e-02 2.492912e-02 -1.754039e-01 -1.380171e-01 1.922079e-02 2.940131e-01 5.149704e-02 4.290819e-01 -3.971412e-01 8.139556e-03 -2.267971e-01 -4.865154e-01 -1.507960e-01 
233 3030 0 0 0 7.292647e-01 -2.000618e-02 1.924040e-01 -3.246510e-01 2.866673e-02 -3.967157e-01 3.135405e-01 2.603093e-01 -8.309982e-02 2.595612e-02 -1.760228e-01 -1.389770e-01 1.772552e-02 2.926215e-01 5.103448e-02 4.288683e-01 -3.944498e-01 6.295868e-03 -2.261416e-01 -4.853189e-01 -1.495227e-01 
234 3043 0 0 0 7.301266e-01 -1.955071e-02 1.925591e-01 -3.241206e-01 2.898429e-02 -3.975703e-01 3.141613e-01 2.601668e-01 -8.301434e-02 2.828841e-02 -1.757846e-01 -1.385088e-01 1.691179e-02 2.938932e-01 5.023471e-02 4.296245e-01 -3.943420e-01 5.180416e-03 -2.256326e-01 -4.837433e-01 -1.490707e-01 
235 3056 0 0 0 7.292374e-01 -1.713049e-02 1.923132e-01 -3.256954e-01 2.891169e-02 -3.957491e-01 3.162794e-01 2.602253e-01 -8.334035e-02 2.650855e-02 -1.760750e-01 -1.379209e-01 1.771934e-02 2.924310e-01 4.988864e-02 4.295407e-01 -3.960777e-01 4.876830e-03 -2.279212e-01 -4.847038e-01 -1.484607e-01 
236 3069 0 0 0 7.309743e-01 -1.780618e-02 1.927236e-01 -3.286400e-01 2.700893e-02 -3.943352e-01 3.174476e-01 2.601186e-01 -8.368961e-02 2.691981e-02 -1.769828e-01 -1.386695e-01 1.556674e-02 2.916323e-01 4.990324e-02 4.302892e-01 -3.941224e-01 5.551462e-03 -2.284271e-01 -4.845000e-01 -1.483790e-01 
237 3082 0 0 0 7.329797e-01 -1.600979e-02 1.932573e-01 -3.270992e-01 2.761921e-02 -3.960156e-01 3.167323e-01 2.618726e-01 -8.255695e-02 2.799427e-02 -1.789007e-01 -1.383788e-01 1.529497e-02 2.923880e-01 5.035493e-02 4.289644e-01 -3.941435e-01 6.126124e-03 -2.275636e-01 -4.832747e-01 -1.464019e-01 
238 3095 0 0 0 7.291417e-01 -1.774478e-02 1.924247e-01 -3.277787e-01 2.904942e-02 -3.948890e-01 3.155331e-01 2.623926e-01 -8.102276e-02 2.560059e-02 -1.792864e-01 -1.371696e-01 1.469484e-02 2.940917e-01 4.978095e-02 4.297186e-01 -3.951921e-01 6.100106e-03 -2.267376e-01 -4.841059e-01 -1.469787e-01 
239 3108 0 0 0 7.274632e-01 -1.879468e-02 1.924723e-01 -3.280310e-01 2.823030e-02 -3.937778e-01 3.154803e-01 2.619198e-01 -8.120132e-02 2.519259e-02 -1.783411e-01 -1.367890e-01 1.418372e-02 2.938211e-01 4.952196e-02 4.290762e-01 -3.935903e-01 6.375135e-03 -2.282939e-01 -4.844877e-01 -1.464246e-01 
240 3121 0 0 0 7.293670e-01 -1.880227e-02 1.924428e-01 -3.269117e-01 2.804441e-02 -3.932106e-01 3.153771e-01 2.608071e-01 -8.157849e-02 2.616992e-02 -1.771329e-01 -1.378487e-01 1.479806e-02 2.945721e-01 5.077427e-02 4.291382e-01 -3.940462e-01 7.451588e-03 -2.270241e-01 -4.826085e-01 -1.449639e-01 
241 3134 0 0 0 7.272464e-01 -1.915772e-02 1.902018e-01 -3.281774e-01 2.994392e-02 -3.919677e-01 3.161649e-01 2.623594e-01 -7.914406e-02 2.700595e-02 -1.786911e-01 -1.377389e-01 1.372934e-02 2.959755e-01 5.199164e-02 4.285507e-01 -3.941258e-01 7.954743e-03 -2.268524e-01 -4.824796e-01 -1.451975e-01 
242 3147 0 0 0 7.247522e-01 -1.909450e-02 1.895620e-01 -3.272995e-01 3.054454e-02 -3.918151e-01 3.167507e-01 2.610669e-01 -7.786736e-02 2.540826e-02 -1.794243e-01 -1.361086e-01 1.288052e-02 2.975580e-01 5.089444e-02 4.303967e-01 -3.955916e-01 7.296022e-03 -2.264016e-01 -4.854535e-01 -1.476686e-01 
243 3160 0 0 0 7.247949e-01 -1.987304e-02 1.909927e-01 -3.278927e-01 3.108963e-02 -3.927281e-01 3.172460e-01 2.618401e-01 -7.735047e-02 2.515140e-02 -1.801260e-01 -1.357130e-01 1.307478e-02 2.978677e-01 4.968575e-02 4.315590e-01 -3.956664e-01 6.320073e-03 -2.255373e-01 -4.865869e-01 -1.483113e-01 
244 3173 0 0 0 7.246429e-01 -1.939562e-02 1.919180e-01 -3.273373e-01 3.093374e-02 -3.931432e-01 3.157816e-01 2.620317e-01 -7.754920e-02 2.513004e-02 -1.808608e-01 -1.351168e-01 1.223533e-02 2.986878e-01 4.918110e-02 4.306429e-01 -3.960174e-01 6.401383e-03 -2.247709e-01 -4.890820e-01 -1.511175e-01 
245 3186 0 0 0 7.241305e-01 -1.969925e-02 1.919154e-01 -3.269044e-01 3.296222e-02 -3.930451e-01 3.171753e-01 2.621592e-01 -7.625710e-02 2.428732e-02 -1.812823e-01 -1.340221e-01 1.258531e-02 2.987149e-01 4.863869e-02 4.312544e-01 -3.959468e-01 6.604125e-03 -2.242215e-01 -4.887189e-01 -1.528786e-01 
246 3199 0 0 0 7.225809e-01 -2.036299e-02 1.916252e-01 -3.261230e-01 3.365767e-02 -3.917358e-01 3.177193e-01 2.608011e-01 -7.556503e-02 2.364133e-02 -1.823884e-01 -1.331722e-01 1.126426e-02 2.986404e-01 4.765653e-02 4.318871e-01 -3.963292e-01 6.230181e-03 -2.242243e-01 -4.884130e-01 -1.529993e-01 
247 3212 0 0 0 7.225479e-01 -2.006141e-02 1.924016e-01 -3.260992e-01 3.306047e-02 -3.929492e-01 3.168195e-01 2.606451e-01 -7.485249e-02 2.292816e-02 -1.838924e-01 -1.331840e-01 1.110234e-02 2.981410e-01 4.766287e-02 4.330860e-01 -3.967543e-01 6.030749e-03 -2.228589e-01 -4.872735e-01 -1.537086e-01 
248 3225 0 0 0 7.218644e-01 -2.060222e-02 1.917800e-01 -3.253981e-01 3.221102e-02 -3.926494e-01 3.156456e-01 2.619324e-01 -7.568160e-02 2.381806e-02 -1.831847e-01 -1.331412e-01 1.166327e-02 2.976541e-01 4.768923e-02 4.320728e-01 -3.959950e-01 5.925328e-03 -2.219539e-01 -4.863578e-01 -1.533077e-01 
249 3238 0 0 0 7.237567e-01 -2.129209e-02 1.926747e-01 -3.247358e-01 3.143181e-02 -3.945174e-01 3.138139e-01 2.607053e-01 -7.708871e-02 2.479096e-02 -1.820023e-01 -1.338385e-01 1.319414e-02 2.958464e-01 4.721328e-02 4.306708e-01 -3.963429e-01 4.790932e-03 -2.231655e-01 -4.865835e-01 -1.541009e-01 
250 3251 0 0 0 7.238278e-01 -2.052931e-02 1.921742e-01 -3.259587e-01 3.277879e-02 -3.955832e-01 3.134412e-01 2.606493e-01 -7.449144e-02 2.540343e-02 -1.816436e-01 -1.330817e-01 1.235351e-02 2.967940e-01 4.724938e-02 4.325344e-01 -3.961002e-01 4.573609e-03 -2.219936e-01 -4.863191e-01 -1.552099e-01 
251 3264 0 0 0 7.245112e-01 -2.026170e-02 1.924213e-01 -3.243258e-01 3.331572e-02 -3.958908e-01 3.136266e-01 2.594256e-01 -7.513856e-02 2.511701e-02 -1.815295e-01 -1.327856e-01 1.183852e-02 2.976857e-01 4.703418e-02 4.335392e-01 -3.979721e-01 5.071003e-03 -2.219107e-01 -4.848077e-01 -1.541094e-01 
252 3277 0 0 0 7.246256e-01 -2.098038e-02 1.923055e-01 -3.238756e-01 3.278418e-02 -3.952031e-01 3.133018e-01 2.601386e-01 -7.467559e-02 2.543636e-02 -1.811827e-01 -1.331367e-01 1.091799e-02 2.965351e-01 4.730191e-02 4.329649e-01 -3.979932e-01 5.333651e-03 -2.220194e-01 -4.818422e-01 -1.534612e-01 
253 3290 0 0 0 7.243230e-01 -2.129696e-02 1.918028e-01 -3.240912e-01 3.353013e-02 -3.948021e-01 3.147351e-01 2.609256e-01 -7.438642e-02 2.600445e-02 -1.824149e-01 -1.332835e-01 1.161919e-02 2.964051e-01 4.774201e-02 4.355035e-01 -3.991806e-01 5.512234e-03 -2.227115e-01 -4.816184e-01 -1.534429e-01 
254 3303 0 0 0 7.238624e-01 -2.199735e-02 1.917289e-01 -3.235492e-01 3.348509e-02 -3.935888e-01 3.135854e-01 2.608027e-01 -7.443781e-02 2.556555e-02 -1.829788e-01 -1.338554e-01 1.168128e-02 2.951108e-01 4.762166e-02 4.364278e-01 -3.986463e-01 4.811237e-03 -2.225556e-01 -4.811716e-01 -1.553449e-01 
255 3316 0 0 0 7.254850e-01 -2.264494e-02 1.912974e-01 -3.226938e-01 3.384230e-02 -3.929068e-01 3.136989e-01 2.601286e-01 -7.425712e-02 2.465226e-02 -1.823378e-01 -1.342981e-01 1.147617e-02 2.964795e-01 4.805716e-02 4.378940e-01 -3.992238e-01 5.338482e-03 -2.219907e-01 -4.791010e-01 -1.552809e-01 
256 3329 0 0 0 7.269554e-01 -2.161142e-02 1.922154e-01 -3.223148e-01 3.282454e-02 -3.941008e-01 3.126807e-01 2.604943e-01 -7.394896e-02 2.559686e-02 -1.819697e-01 -1.338902e-01 1.202125e-02 2.960381e-01 4.778852e-02 4.371551e-01 -3.999873e-01 5.230955e-03 -2.218065e-01 -4.773446e-01 -1.550320e-01 
257 3342 0 0 0 7.259916e-01 -2.207865e-02 1.924682e-01 -3.223041e-01 3.201466e-02 -3.936440e-01 3.127333e-01 2.612199e-01 -7.437705e-02 2.503309e-02 -1.810554e-01 -1.338202e-01 1.139935e-02 2.951875e-01 4.704407e-02 4.376326e-01 -4.003258e-01 4.419660e-03 -2.228211e-01 -4.780300e-01 -1.565937e-01 
258 3355 0 0 0 7.257522e-01 -2.245998e-02 1.925848e-01 -3.229650e-01 3.119304e-02 -3.936864e-01 3.113263e-01 2.623601e-01 -7.437458e-02 2.642912e-02 -1.809931e-01 -1.344467e-01 1.149024e-02 2.938201e-01 4.697181e-02 4.363577e-01 -3.997859e-01 3.542845e-03 -2.226313e-01 -4.781021e-01 -1.553343e-01 
259 3368 0 0 0 7.255808e-01 -2.203877e-02 1.914388e-01 -3.229374e-01 3.128862e-02 -3.940717e-01 3.114438e-01 2.617367e-01 -7.491480e-02 2.558984e-02 -1.809119e-01 -1.347990e-01 1.207094e-02 2.950565e-01 4.788197e-02 4.356453e-01 -4.006540e-01 3.980495e-03 -2.232679e-01 -4.779132e-01 -1.549752e-01 
260 3381 0 0 0 7.251572e-01 -2.292907e-02 1.912988e-01 -3.237130e-01 3.106376e-02 -3.946617e-01 3.121585e-01 2.618498e-01 -7.487329e-02 2.502822e-02 -1.810211e-01 -1.349492e-01 1.196936e-02 2.947290e-01 4.794099e-02 4.370441e-01 -4.014403e-01 3.897191e-03 -2.236286e-01 -4.775132e-01 -1.562268e-01 
261 3394 0 0 0 7.242802e-01 -2.280083e-02 1.916181e-01 -3.243860e-01 3.174280e-02 -3.957040e-01 3.128334e-01 2.615688e-01 -7.529577e-02 2.360531e-02 -1.818895e-01 -1.340370e-01 1.189320e-02 2.959707e-01 4.750285e-02 4.392097e-01 -4.024272e-01 4.432081e-03 -2.227459e-01 -4.782622e-01 -1.574615e-01 
