%  columns=["iteration, evaluation, sigma, void, void, stds==sigma*sqrt(diag(C))" (startseed=206449, 2015/03/8 1:29:8.49)
1 14 9.258497e-03 0 0 9.213952e-03 9.326399e-03 9.342899e-03 9.200234e-03 9.282430e-03 9.258067e-03 9.198827e-03 9.307115e-03 9.236206e-03 9.210506e-03 9.277220e-03 9.237986e-03 9.228527e-03 9.269534e-03 9.219204e-03 9.238924e-03 9.200449e-03 9.244041e-03 9.227703e-03 9.196423e-03 9.202727e-03 
2 27 8.722471e-03 0 0 8.643763e-03 8.758196e-03 8.748722e-03 8.635011e-03 8.745924e-03 8.626134e-03 8.670549e-03 8.749746e-03 8.675127e-03 8.619379e-03 8.638196e-03 8.668347e-03 8.773688e-03 8.708374e-03 8.666861e-03 8.779109e-03 8.627359e-03 8.668694e-03 8.690483e-03 8.613294e-03 8.608614e-03 
3 40 8.238426e-03 0 0 8.131497e-03 8.182191e-03 8.270682e-03 8.094020e-03 8.408585e-03 8.168073e-03 8.108286e-03 8.326591e-03 8.174626e-03 8.148190e-03 8.133675e-03 8.155229e-03 8.257421e-03 8.215983e-03 8.083398e-03 8.223327e-03 8.163211e-03 8.157224e-03 8.194257e-03 8.111855e-03 8.098551e-03 
4 53 8.061738e-03 0 0 7.874794e-03 8.002713e-03 8.069248e-03 7.922300e-03 8.293440e-03 7.945976e-03 7.978094e-03 8.127507e-03 7.940189e-03 7.927246e-03 7.950549e-03 7.905355e-03 8.135745e-03 8.045123e-03 7.837180e-03 8.103399e-03 8.006925e-03 7.965116e-03 7.998303e-03 7.954861e-03 7.949992e-03 
5 66 7.926230e-03 0 0 7.719091e-03 7.817167e-03 7.905000e-03 7.872228e-03 8.155117e-03 7.917086e-03 7.803029e-03 7.950368e-03 7.812164e-03 7.859044e-03 7.791252e-03 7.745935e-03 8.060658e-03 7.989335e-03 7.701627e-03 7.969658e-03 7.849698e-03 7.870264e-03 7.870844e-03 7.824822e-03 7.784846e-03 
6 79 7.929658e-03 0 0 7.721561e-03 7.753044e-03 7.858529e-03 7.849515e-03 8.145989e-03 7.972391e-03 7.813787e-03 7.951705e-03 7.914950e-03 7.873931e-03 7.799809e-03 7.781683e-03 8.060423e-03 8.043780e-03 7.633505e-03 7.915918e-03 7.827655e-03 7.833273e-03 7.825361e-03 7.821330e-03 7.783772e-03 
7 92 8.283720e-03 0 0 8.058133e-03 8.134808e-03 8.287981e-03 8.201314e-03 8.535758e-03 8.352097e-03 8.162794e-03 8.290827e-03 8.451477e-03 8.189168e-03 8.256619e-03 8.213203e-03 8.468084e-03 8.415911e-03 7.929118e-03 8.263136e-03 8.167012e-03 8.211833e-03 8.194052e-03 8.158695e-03 8.113244e-03 
8 105 8.642616e-03 0 0 8.399929e-03 8.420893e-03 8.805804e-03 8.581415e-03 8.943417e-03 8.676946e-03 8.491731e-03 8.687196e-03 8.842483e-03 8.597555e-03 8.649738e-03 8.621281e-03 8.858602e-03 8.776497e-03 8.218787e-03 8.657873e-03 8.480229e-03 8.560196e-03 8.543182e-03 8.529146e-03 8.441944e-03 
9 118 9.027398e-03 0 0 8.811345e-03 8.829869e-03 9.208639e-03 8.975389e-03 9.367291e-03 9.068323e-03 8.808259e-03 9.076391e-03 9.238019e-03 9.030089e-03 8.975190e-03 8.952598e-03 9.298431e-03 9.206503e-03 8.570140e-03 9.003252e-03 8.831865e-03 8.959567e-03 8.941386e-03 8.942634e-03 8.821478e-03 
10 131 9.761358e-03 0 0 9.528947e-03 9.630603e-03 9.949199e-03 9.693977e-03 1.018028e-02 9.937164e-03 9.564882e-03 9.902751e-03 1.005902e-02 9.917749e-03 9.816518e-03 9.660377e-03 1.011329e-02 9.940801e-03 9.178363e-03 9.721503e-03 9.569966e-03 9.668031e-03 9.770783e-03 9.645364e-03 9.605378e-03 
11 144 1.055185e-02 0 0 1.030141e-02 1.043550e-02 1.075480e-02 1.042695e-02 1.101927e-02 1.085254e-02 1.028630e-02 1.074579e-02 1.099793e-02 1.067302e-02 1.057912e-02 1.044974e-02 1.100967e-02 1.076803e-02 9.863841e-03 1.058042e-02 1.044727e-02 1.043078e-02 1.061494e-02 1.057327e-02 1.047556e-02 
12 157 1.082822e-02 0 0 1.058917e-02 1.069968e-02 1.097714e-02 1.072617e-02 1.131999e-02 1.103626e-02 1.065547e-02 1.100353e-02 1.131828e-02 1.088399e-02 1.074908e-02 1.062667e-02 1.136907e-02 1.106765e-02 1.008785e-02 1.084233e-02 1.070218e-02 1.069619e-02 1.095843e-02 1.092582e-02 1.071370e-02 
13 170 1.073814e-02 0 0 1.043909e-02 1.065116e-02 1.080434e-02 1.051993e-02 1.120640e-02 1.103066e-02 1.054904e-02 1.091161e-02 1.125897e-02 1.078523e-02 1.057016e-02 1.043579e-02 1.125412e-02 1.104857e-02 9.942289e-03 1.068862e-02 1.063203e-02 1.054797e-02 1.076809e-02 1.087447e-02 1.064523e-02 
14 183 1.050101e-02 0 0 1.020852e-02 1.041181e-02 1.047539e-02 1.023448e-02 1.095626e-02 1.083581e-02 1.031682e-02 1.063094e-02 1.099927e-02 1.051860e-02 1.030298e-02 1.018307e-02 1.098525e-02 1.082420e-02 9.592372e-03 1.045115e-02 1.046219e-02 1.027413e-02 1.053641e-02 1.054269e-02 1.043252e-02 
15 196 1.043814e-02 0 0 1.014177e-02 1.031316e-02 1.044551e-02 1.015912e-02 1.083737e-02 1.077504e-02 1.034303e-02 1.049212e-02 1.084093e-02 1.055017e-02 1.021115e-02 1.014418e-02 1.087848e-02 1.080248e-02 9.511900e-03 1.034903e-02 1.029260e-02 1.024266e-02 1.047830e-02 1.046352e-02 1.037740e-02 
16 209 1.026680e-02 0 0 9.937457e-03 1.024516e-02 1.018264e-02 9.950959e-03 1.064481e-02 1.056647e-02 1.018932e-02 1.029181e-02 1.070203e-02 1.039289e-02 9.973943e-03 1.000707e-02 1.063639e-02 1.067224e-02 9.389016e-03 1.022458e-02 1.009069e-02 1.006574e-02 1.027330e-02 1.030931e-02 1.029011e-02 
17 222 9.874805e-03 0 0 9.549373e-03 9.827744e-03 9.775744e-03 9.509264e-03 1.021710e-02 1.014635e-02 9.811171e-03 9.891450e-03 1.029505e-02 1.002390e-02 9.584590e-03 9.656306e-03 1.015135e-02 1.026167e-02 8.886015e-03 9.836886e-03 9.709820e-03 9.657429e-03 9.851211e-03 9.945353e-03 9.843208e-03 
18 235 9.257590e-03 0 0 8.902539e-03 9.217258e-03 9.122860e-03 8.990720e-03 9.585920e-03 9.543861e-03 9.147832e-03 9.229225e-03 9.603184e-03 9.444188e-03 8.966645e-03 9.021212e-03 9.501146e-03 9.638522e-03 8.255408e-03 9.177012e-03 9.068197e-03 9.033336e-03 9.217568e-03 9.385748e-03 9.186596e-03 
19 248 8.846728e-03 0 0 8.532585e-03 8.819479e-03 8.730322e-03 8.578003e-03 9.086443e-03 9.100038e-03 8.579622e-03 8.784333e-03 9.164846e-03 9.052190e-03 8.535661e-03 8.673035e-03 9.040423e-03 9.168474e-03 7.795604e-03 8.715107e-03 8.603351e-03 8.644363e-03 8.806333e-03 8.915732e-03 8.730336e-03 
20 261 8.317200e-03 0 0 7.983993e-03 8.130934e-03 8.147175e-03 8.066577e-03 8.471189e-03 8.557911e-03 8.037021e-03 8.233084e-03 8.656218e-03 8.544002e-03 8.026707e-03 8.104721e-03 8.516309e-03 8.590079e-03 7.310582e-03 8.170812e-03 8.105833e-03 8.099077e-03 8.319671e-03 8.237855e-03 8.168193e-03 
21 274 8.231084e-03 0 0 7.889698e-03 8.037650e-03 8.002455e-03 8.021739e-03 8.399407e-03 8.420972e-03 7.947877e-03 8.081382e-03 8.691045e-03 8.374641e-03 7.959511e-03 8.011731e-03 8.585568e-03 8.473251e-03 7.173848e-03 8.066967e-03 8.049561e-03 8.019362e-03 8.134933e-03 8.180262e-03 8.235224e-03 
22 287 7.964048e-03 0 0 7.627662e-03 7.757069e-03 7.762416e-03 7.740495e-03 8.120358e-03 8.125744e-03 7.662060e-03 7.806867e-03 8.428806e-03 8.148725e-03 7.686802e-03 7.697134e-03 8.237172e-03 8.176529e-03 6.909543e-03 7.775901e-03 7.778954e-03 7.757732e-03 7.877594e-03 7.922461e-03 7.950820e-03 
23 300 7.558036e-03 0 0 7.260421e-03 7.420707e-03 7.384691e-03 7.237704e-03 7.741549e-03 7.697222e-03 7.269229e-03 7.494356e-03 7.969391e-03 7.736160e-03 7.259216e-03 7.274777e-03 7.765298e-03 7.751750e-03 6.552530e-03 7.352799e-03 7.316347e-03 7.318560e-03 7.346690e-03 7.479379e-03 7.548067e-03 
24 313 7.459592e-03 0 0 7.154725e-03 7.367069e-03 7.273874e-03 7.268215e-03 7.604101e-03 7.588353e-03 7.194204e-03 7.383339e-03 7.806618e-03 7.624898e-03 7.124128e-03 7.147896e-03 7.677136e-03 7.659682e-03 6.415043e-03 7.285657e-03 7.187137e-03 7.192048e-03 7.323657e-03 7.443895e-03 7.450143e-03 
25 326 7.196295e-03 0 0 6.886516e-03 7.087277e-03 6.933762e-03 7.045484e-03 7.330955e-03 7.256118e-03 6.928436e-03 7.108389e-03 7.452297e-03 7.336581e-03 6.917432e-03 6.871693e-03 7.405299e-03 7.341552e-03 6.155056e-03 7.015265e-03 6.908979e-03 6.905442e-03 7.085093e-03 7.169697e-03 7.146188e-03 
26 339 6.864740e-03 0 0 6.565152e-03 6.767061e-03 6.609549e-03 6.738708e-03 6.944484e-03 6.904821e-03 6.575190e-03 6.727314e-03 7.112344e-03 6.975307e-03 6.599676e-03 6.538228e-03 7.062437e-03 6.988742e-03 5.813300e-03 6.635848e-03 6.560169e-03 6.575539e-03 6.757860e-03 6.805164e-03 6.788046e-03 
27 352 6.788265e-03 0 0 6.481061e-03 6.628862e-03 6.566981e-03 6.718497e-03 6.853026e-03 6.808262e-03 6.467576e-03 6.616802e-03 7.046986e-03 6.900799e-03 6.564102e-03 6.427911e-03 6.942445e-03 6.910874e-03 5.726305e-03 6.705885e-03 6.478206e-03 6.511901e-03 6.712911e-03 6.694107e-03 6.698156e-03 
28 365 6.376736e-03 0 0 6.063852e-03 6.220581e-03 6.243384e-03 6.327856e-03 6.402878e-03 6.444744e-03 6.062697e-03 6.220998e-03 6.617952e-03 6.469814e-03 6.184113e-03 6.047956e-03 6.464056e-03 6.499619e-03 5.389569e-03 6.338807e-03 6.070766e-03 6.075865e-03 6.339743e-03 6.255883e-03 6.248694e-03 
29 378 6.050007e-03 0 0 5.755634e-03 5.899360e-03 5.932695e-03 5.985510e-03 6.108314e-03 6.107270e-03 5.759835e-03 5.890769e-03 6.311707e-03 6.132520e-03 5.890026e-03 5.697335e-03 6.134831e-03 6.106051e-03 5.094275e-03 5.988837e-03 5.725893e-03 5.740280e-03 5.988584e-03 5.884028e-03 5.912406e-03 
30 391 5.716098e-03 0 0 5.410890e-03 5.548835e-03 5.566818e-03 5.657081e-03 5.792198e-03 5.741409e-03 5.424169e-03 5.548600e-03 5.964302e-03 5.766028e-03 5.564205e-03 5.347819e-03 5.769130e-03 5.787901e-03 4.767507e-03 5.625922e-03 5.380027e-03 5.437222e-03 5.634071e-03 5.569590e-03 5.565441e-03 
31 404 5.499582e-03 0 0 5.197269e-03 5.321950e-03 5.334610e-03 5.431714e-03 5.568748e-03 5.503794e-03 5.190833e-03 5.325887e-03 5.709359e-03 5.544799e-03 5.384689e-03 5.115973e-03 5.528438e-03 5.591486e-03 4.562338e-03 5.546915e-03 5.160910e-03 5.223237e-03 5.419610e-03 5.343289e-03 5.328381e-03 
32 417 5.425328e-03 0 0 5.103581e-03 5.227251e-03 5.323528e-03 5.366027e-03 5.545859e-03 5.396958e-03 5.093578e-03 5.249537e-03 5.611219e-03 5.449847e-03 5.304250e-03 5.086955e-03 5.420388e-03 5.494784e-03 4.548112e-03 5.467998e-03 5.077451e-03 5.171336e-03 5.340328e-03 5.283220e-03 5.242314e-03 
33 430 5.363136e-03 0 0 5.022417e-03 5.152582e-03 5.259606e-03 5.313252e-03 5.473004e-03 5.321889e-03 5.010678e-03 5.159046e-03 5.544610e-03 5.367065e-03 5.230928e-03 5.020015e-03 5.376618e-03 5.435377e-03 4.467642e-03 5.354500e-03 4.998757e-03 5.063141e-03 5.289132e-03 5.218019e-03 5.165776e-03 
34 443 5.363526e-03 0 0 5.014293e-03 5.184741e-03 5.248428e-03 5.309648e-03 5.466655e-03 5.297289e-03 4.994116e-03 5.180830e-03 5.531804e-03 5.414003e-03 5.233551e-03 5.024969e-03 5.375782e-03 5.401105e-03 4.439249e-03 5.357264e-03 4.993248e-03 5.086950e-03 5.280718e-03 5.208906e-03 5.163519e-03 
35 456 5.354682e-03 0 0 4.969603e-03 5.154905e-03 5.236689e-03 5.319375e-03 5.417597e-03 5.280121e-03 4.925397e-03 5.198649e-03 5.506515e-03 5.394675e-03 5.218615e-03 5.042084e-03 5.385569e-03 5.380439e-03 4.409209e-03 5.352369e-03 5.006515e-03 5.048005e-03 5.275736e-03 5.202347e-03 5.134780e-03 
36 469 5.204945e-03 0 0 4.824996e-03 5.005776e-03 5.054138e-03 5.136564e-03 5.243970e-03 5.113448e-03 4.786304e-03 5.015740e-03 5.390754e-03 5.265452e-03 5.085430e-03 4.876270e-03 5.223546e-03 5.212416e-03 4.261083e-03 5.170599e-03 4.897561e-03 4.927465e-03 5.137593e-03 5.056302e-03 4.928345e-03 
37 482 5.003286e-03 0 0 4.601268e-03 4.795867e-03 4.866372e-03 4.900006e-03 5.042492e-03 4.903429e-03 4.563012e-03 4.807531e-03 5.196634e-03 5.120477e-03 4.870576e-03 4.651423e-03 4.996077e-03 5.020527e-03 4.079063e-03 5.001806e-03 4.716468e-03 4.732273e-03 4.923060e-03 4.856498e-03 4.764404e-03 
38 495 4.780304e-03 0 0 4.383767e-03 4.578529e-03 4.642555e-03 4.636814e-03 4.869585e-03 4.655206e-03 4.374009e-03 4.585639e-03 4.981639e-03 4.880028e-03 4.587421e-03 4.406242e-03 4.790485e-03 4.793608e-03 3.905511e-03 4.753278e-03 4.512147e-03 4.536423e-03 4.698724e-03 4.615295e-03 4.545205e-03 
39 508 4.710816e-03 0 0 4.296922e-03 4.499534e-03 4.561886e-03 4.562858e-03 4.759278e-03 4.571009e-03 4.294418e-03 4.550784e-03 4.962628e-03 4.816630e-03 4.508957e-03 4.344884e-03 4.702281e-03 4.716121e-03 3.834793e-03 4.676902e-03 4.417822e-03 4.487059e-03 4.620186e-03 4.542755e-03 4.511234e-03 
40 521 4.687749e-03 0 0 4.250608e-03 4.489706e-03 4.498608e-03 4.522507e-03 4.764003e-03 4.566610e-03 4.268710e-03 4.529772e-03 4.924254e-03 4.796059e-03 4.470247e-03 4.328656e-03 4.632112e-03 4.663428e-03 3.824843e-03 4.618684e-03 4.375386e-03 4.439251e-03 4.598013e-03 4.546453e-03 4.513062e-03 
41 534 4.668979e-03 0 0 4.224769e-03 4.441317e-03 4.432338e-03 4.499821e-03 4.739650e-03 4.522704e-03 4.221789e-03 4.550739e-03 4.863880e-03 4.755386e-03 4.452005e-03 4.296905e-03 4.623002e-03 4.584558e-03 3.802463e-03 4.586243e-03 4.337207e-03 4.447250e-03 4.568251e-03 4.524073e-03 4.502788e-03 
42 547 4.675667e-03 0 0 4.212383e-03 4.454455e-03 4.422581e-03 4.490898e-03 4.781352e-03 4.536056e-03 4.191033e-03 4.577998e-03 4.869616e-03 4.745146e-03 4.428953e-03 4.292957e-03 4.683444e-03 4.647718e-03 3.792509e-03 4.566253e-03 4.319825e-03 4.453426e-03 4.586558e-03 4.515949e-03 4.525738e-03 
43 560 4.627762e-03 0 0 4.161894e-03 4.428795e-03 4.359969e-03 4.433077e-03 4.742463e-03 4.468158e-03 4.117615e-03 4.564562e-03 4.847147e-03 4.691671e-03 4.369049e-03 4.233981e-03 4.662838e-03 4.574715e-03 3.755450e-03 4.498871e-03 4.259478e-03 4.457899e-03 4.578496e-03 4.465588e-03 4.497013e-03 
44 573 4.675719e-03 0 0 4.201947e-03 4.431381e-03 4.400032e-03 4.488454e-03 4.783491e-03 4.525784e-03 4.147974e-03 4.642374e-03 4.889933e-03 4.747796e-03 4.388421e-03 4.269210e-03 4.804009e-03 4.586265e-03 3.834282e-03 4.543879e-03 4.330537e-03 4.519555e-03 4.619322e-03 4.505364e-03 4.552227e-03 
45 586 4.737789e-03 0 0 4.311039e-03 4.465581e-03 4.462963e-03 4.536210e-03 4.834637e-03 4.573690e-03 4.184721e-03 4.722199e-03 4.979377e-03 4.793931e-03 4.443349e-03 4.366094e-03 4.910731e-03 4.651969e-03 3.925102e-03 4.630883e-03 4.357943e-03 4.560172e-03 4.736622e-03 4.520544e-03 4.602019e-03 
46 599 4.975817e-03 0 0 4.684088e-03 4.676314e-03 4.677372e-03 4.790947e-03 5.071925e-03 4.793191e-03 4.404954e-03 5.018680e-03 5.230631e-03 5.027900e-03 4.697213e-03 4.568504e-03 5.158833e-03 4.874719e-03 4.138047e-03 4.823187e-03 4.561379e-03 4.777276e-03 5.025207e-03 4.715538e-03 4.826045e-03 
47 612 5.146777e-03 0 0 4.873064e-03 4.819957e-03 4.915931e-03 4.947826e-03 5.272684e-03 4.986344e-03 4.542649e-03 5.232313e-03 5.394769e-03 5.208389e-03 4.823976e-03 4.758895e-03 5.386871e-03 4.994269e-03 4.285073e-03 5.020734e-03 4.730037e-03 4.923819e-03 5.202329e-03 4.842711e-03 5.007880e-03 
48 625 5.299512e-03 0 0 5.057746e-03 4.931790e-03 5.122816e-03 5.097559e-03 5.486034e-03 5.123181e-03 4.686163e-03 5.402794e-03 5.554846e-03 5.330750e-03 4.942366e-03 4.863783e-03 5.546330e-03 5.101945e-03 4.400678e-03 5.136471e-03 4.859141e-03 5.031692e-03 5.407368e-03 4.977776e-03 5.153821e-03 
49 638 5.268594e-03 0 0 5.069898e-03 4.879701e-03 5.116510e-03 5.051777e-03 5.443817e-03 5.113408e-03 4.684698e-03 5.394091e-03 5.488007e-03 5.296642e-03 4.903302e-03 4.803074e-03 5.538767e-03 5.058515e-03 4.352009e-03 5.092060e-03 4.822369e-03 4.997385e-03 5.342872e-03 4.944631e-03 5.115477e-03 
50 651 5.081503e-03 0 0 4.880155e-03 4.701723e-03 4.953770e-03 4.813786e-03 5.235254e-03 4.964617e-03 4.511284e-03 5.225353e-03 5.293828e-03 5.097305e-03 4.711476e-03 4.618488e-03 5.324367e-03 4.918515e-03 4.179001e-03 4.895651e-03 4.629486e-03 4.809958e-03 5.157320e-03 4.763062e-03 4.916433e-03 
51 664 4.882723e-03 0 0 4.717460e-03 4.568746e-03 4.748603e-03 4.598135e-03 5.013095e-03 4.762461e-03 4.324265e-03 5.004649e-03 5.075028e-03 4.889130e-03 4.514332e-03 4.415842e-03 5.076720e-03 4.714748e-03 4.006302e-03 4.710096e-03 4.503738e-03 4.572552e-03 4.942352e-03 4.541167e-03 4.725488e-03 
52 677 4.712464e-03 0 0 4.532412e-03 4.410495e-03 4.550937e-03 4.417680e-03 4.827309e-03 4.609705e-03 4.204975e-03 4.846753e-03 4.871382e-03 4.645925e-03 4.364239e-03 4.275855e-03 4.885849e-03 4.518069e-03 3.874092e-03 4.549560e-03 4.336460e-03 4.419590e-03 4.795039e-03 4.432941e-03 4.544136e-03 
53 690 4.626979e-03 0 0 4.422110e-03 4.299937e-03 4.476480e-03 4.307131e-03 4.714148e-03 4.523079e-03 4.105692e-03 4.736009e-03 4.785528e-03 4.571616e-03 4.282541e-03 4.191194e-03 4.797026e-03 4.427362e-03 3.804309e-03 4.536518e-03 4.229881e-03 4.401640e-03 4.700826e-03 4.345948e-03 4.426948e-03 
54 703 4.436957e-03 0 0 4.217614e-03 4.105648e-03 4.326464e-03 4.118639e-03 4.537295e-03 4.321035e-03 3.950396e-03 4.536149e-03 4.599867e-03 4.370681e-03 4.071851e-03 4.025894e-03 4.601450e-03 4.245546e-03 3.638813e-03 4.342231e-03 4.075006e-03 4.223521e-03 4.494073e-03 4.139806e-03 4.234120e-03 
55 716 4.206189e-03 0 0 3.990781e-03 3.905215e-03 4.093917e-03 3.889787e-03 4.295490e-03 4.086470e-03 3.732472e-03 4.289613e-03 4.354016e-03 4.164996e-03 3.865277e-03 3.800903e-03 4.367502e-03 4.014073e-03 3.412149e-03 4.134445e-03 3.882388e-03 3.985691e-03 4.295010e-03 3.949407e-03 4.007715e-03 
56 729 3.993028e-03 0 0 3.777589e-03 3.689284e-03 3.852205e-03 3.690556e-03 4.123197e-03 3.877758e-03 3.540949e-03 4.055836e-03 4.091787e-03 3.945370e-03 3.632127e-03 3.605128e-03 4.119452e-03 3.801071e-03 3.233465e-03 3.963711e-03 3.674907e-03 3.774904e-03 4.083376e-03 3.745674e-03 3.796318e-03 
57 742 3.829795e-03 0 0 3.604436e-03 3.544647e-03 3.682203e-03 3.533596e-03 3.960352e-03 3.718520e-03 3.383737e-03 3.900067e-03 3.894300e-03 3.779355e-03 3.478608e-03 3.496348e-03 3.945559e-03 3.626741e-03 3.085421e-03 3.782241e-03 3.526526e-03 3.611677e-03 3.908764e-03 3.607905e-03 3.645719e-03 
58 755 3.825076e-03 0 0 3.614500e-03 3.529273e-03 3.692371e-03 3.513687e-03 3.949825e-03 3.717315e-03 3.382786e-03 3.929266e-03 3.957328e-03 3.784033e-03 3.451009e-03 3.491631e-03 3.877378e-03 3.664718e-03 3.063729e-03 3.776750e-03 3.515492e-03 3.616017e-03 3.898336e-03 3.648873e-03 3.630575e-03 
59 768 3.779981e-03 0 0 3.562094e-03 3.474722e-03 3.635023e-03 3.467429e-03 3.906077e-03 3.690722e-03 3.333501e-03 3.975361e-03 3.885343e-03 3.750654e-03 3.393953e-03 3.435965e-03 3.822173e-03 3.604472e-03 3.004350e-03 3.718311e-03 3.442195e-03 3.555897e-03 3.846597e-03 3.606911e-03 3.581459e-03 
60 781 3.729692e-03 0 0 3.491152e-03 3.418356e-03 3.572220e-03 3.420096e-03 3.832500e-03 3.698154e-03 3.281805e-03 3.915127e-03 3.804824e-03 3.698038e-03 3.355252e-03 3.409225e-03 3.753508e-03 3.538883e-03 2.988899e-03 3.643556e-03 3.386789e-03 3.494390e-03 3.785846e-03 3.550312e-03 3.525286e-03 
61 794 3.665443e-03 0 0 3.438921e-03 3.362030e-03 3.503237e-03 3.356800e-03 3.747655e-03 3.614378e-03 3.218701e-03 3.905154e-03 3.772558e-03 3.606407e-03 3.322490e-03 3.348513e-03 3.673539e-03 3.445546e-03 2.934826e-03 3.562362e-03 3.323804e-03 3.435271e-03 3.712024e-03 3.507684e-03 3.474209e-03 
62 807 3.641189e-03 0 0 3.408036e-03 3.326665e-03 3.475926e-03 3.329939e-03 3.801753e-03 3.620826e-03 3.192609e-03 3.888545e-03 3.743591e-03 3.589538e-03 3.283685e-03 3.316634e-03 3.642366e-03 3.405923e-03 2.895066e-03 3.515602e-03 3.286830e-03 3.396820e-03 3.668921e-03 3.477129e-03 3.456851e-03 
63 820 3.547635e-03 0 0 3.333071e-03 3.256908e-03 3.363731e-03 3.228849e-03 3.717948e-03 3.544373e-03 3.104160e-03 3.781744e-03 3.641883e-03 3.513305e-03 3.190267e-03 3.220285e-03 3.596531e-03 3.323274e-03 2.794172e-03 3.434459e-03 3.204046e-03 3.294584e-03 3.599731e-03 3.383558e-03 3.360723e-03 
64 833 3.414328e-03 0 0 3.201610e-03 3.117817e-03 3.227816e-03 3.099733e-03 3.587531e-03 3.428723e-03 2.976399e-03 3.635471e-03 3.493157e-03 3.377986e-03 3.077975e-03 3.127761e-03 3.485125e-03 3.194436e-03 2.704574e-03 3.302317e-03 3.071310e-03 3.131963e-03 3.433625e-03 3.251035e-03 3.235948e-03 
65 846 3.304999e-03 0 0 3.039678e-03 3.018792e-03 3.110210e-03 3.001199e-03 3.453262e-03 3.314289e-03 2.871160e-03 3.510127e-03 3.379868e-03 3.269822e-03 2.980223e-03 3.024835e-03 3.374354e-03 3.069646e-03 2.611576e-03 3.187714e-03 2.960004e-03 3.030039e-03 3.329982e-03 3.160215e-03 3.148188e-03 
66 859 3.100795e-03 0 0 2.818802e-03 2.819181e-03 2.900573e-03 2.804242e-03 3.207945e-03 3.095933e-03 2.722463e-03 3.265973e-03 3.143063e-03 3.054813e-03 2.797561e-03 2.818514e-03 3.166446e-03 2.881049e-03 2.439655e-03 2.984623e-03 2.778192e-03 2.844816e-03 3.087288e-03 2.966356e-03 2.970480e-03 
67 872 2.977062e-03 0 0 2.707239e-03 2.689628e-03 2.775770e-03 2.739652e-03 3.039044e-03 2.982807e-03 2.643057e-03 3.121604e-03 3.008025e-03 2.943017e-03 2.676110e-03 2.740820e-03 3.081128e-03 2.752670e-03 2.344249e-03 2.855477e-03 2.672874e-03 2.741306e-03 2.963229e-03 2.848769e-03 2.831123e-03 
68 885 2.926272e-03 0 0 2.658579e-03 2.636880e-03 2.734194e-03 2.687529e-03 2.955774e-03 2.923468e-03 2.599031e-03 3.038781e-03 2.958284e-03 2.875369e-03 2.702043e-03 2.688647e-03 3.027794e-03 2.697912e-03 2.283716e-03 2.799697e-03 2.610969e-03 2.696168e-03 2.892568e-03 2.793843e-03 2.786311e-03 
69 898 2.845613e-03 0 0 2.569882e-03 2.570857e-03 2.649483e-03 2.609347e-03 2.866548e-03 2.844362e-03 2.522560e-03 2.929431e-03 2.887537e-03 2.785188e-03 2.624796e-03 2.605525e-03 2.958230e-03 2.652645e-03 2.216588e-03 2.753309e-03 2.533996e-03 2.636699e-03 2.811782e-03 2.746801e-03 2.697767e-03 
70 911 2.923791e-03 0 0 2.635783e-03 2.630061e-03 2.710061e-03 2.665677e-03 2.943318e-03 2.922498e-03 2.582824e-03 3.062598e-03 2.943427e-03 2.854155e-03 2.746554e-03 2.670331e-03 3.041951e-03 2.766169e-03 2.261740e-03 2.827506e-03 2.585556e-03 2.706255e-03 2.889680e-03 2.860595e-03 2.754891e-03 
71 924 2.971501e-03 0 0 2.676076e-03 2.665689e-03 2.737076e-03 2.702242e-03 3.020817e-03 2.955847e-03 2.627371e-03 3.167488e-03 2.977338e-03 2.882763e-03 2.791943e-03 2.712413e-03 3.102420e-03 2.799803e-03 2.289314e-03 2.862954e-03 2.622710e-03 2.772179e-03 2.923307e-03 2.937961e-03 2.784516e-03 
72 937 2.972151e-03 0 0 2.666829e-03 2.643209e-03 2.731165e-03 2.693882e-03 3.027935e-03 2.936063e-03 2.634117e-03 3.169328e-03 2.997770e-03 2.893383e-03 2.788599e-03 2.712110e-03 3.108872e-03 2.801825e-03 2.291022e-03 2.864689e-03 2.613698e-03 2.765903e-03 2.920073e-03 2.951754e-03 2.751729e-03 
73 950 3.021168e-03 0 0 2.708341e-03 2.696635e-03 2.766366e-03 2.745440e-03 3.025925e-03 2.979104e-03 2.682294e-03 3.234346e-03 3.040798e-03 2.935508e-03 2.837843e-03 2.744734e-03 3.189262e-03 2.842601e-03 2.319813e-03 2.905951e-03 2.672966e-03 2.801381e-03 2.963673e-03 2.992965e-03 2.793101e-03 
74 963 3.014643e-03 0 0 2.704635e-03 2.671692e-03 2.762973e-03 2.731789e-03 3.006852e-03 2.968886e-03 2.648060e-03 3.219986e-03 3.018770e-03 2.928337e-03 2.806598e-03 2.710427e-03 3.179016e-03 2.817773e-03 2.304433e-03 2.908409e-03 2.667491e-03 2.767742e-03 2.947970e-03 2.998543e-03 2.774904e-03 
75 976 2.922097e-03 0 0 2.598416e-03 2.567523e-03 2.670966e-03 2.651147e-03 2.903535e-03 2.929768e-03 2.556121e-03 3.115692e-03 2.918637e-03 2.837481e-03 2.712956e-03 2.614847e-03 3.078363e-03 2.716981e-03 2.238518e-03 2.796497e-03 2.598585e-03 2.650567e-03 2.871545e-03 2.902883e-03 2.680171e-03 
76 989 2.875367e-03 0 0 2.541344e-03 2.526046e-03 2.628459e-03 2.596802e-03 2.875020e-03 2.885951e-03 2.510142e-03 3.079702e-03 2.878038e-03 2.799101e-03 2.649896e-03 2.564006e-03 3.009901e-03 2.682200e-03 2.197286e-03 2.778981e-03 2.586543e-03 2.603542e-03 2.822424e-03 2.842934e-03 2.621576e-03 
77 1002 2.877449e-03 0 0 2.544647e-03 2.517316e-03 2.630485e-03 2.606334e-03 2.862625e-03 2.884677e-03 2.511358e-03 3.073670e-03 2.875346e-03 2.812148e-03 2.642919e-03 2.555967e-03 3.017484e-03 2.665677e-03 2.179803e-03 2.800190e-03 2.611615e-03 2.603868e-03 2.815852e-03 2.841424e-03 2.641902e-03 
78 1015 2.799696e-03 0 0 2.478901e-03 2.436926e-03 2.555793e-03 2.540583e-03 2.775844e-03 2.824618e-03 2.437481e-03 2.987006e-03 2.786755e-03 2.735134e-03 2.567521e-03 2.479613e-03 2.950695e-03 2.595659e-03 2.109127e-03 2.714149e-03 2.515971e-03 2.538979e-03 2.738202e-03 2.797544e-03 2.562362e-03 
79 1028 2.738377e-03 0 0 2.436874e-03 2.386906e-03 2.485682e-03 2.430721e-03 2.693399e-03 2.747787e-03 2.386207e-03 2.910306e-03 2.726452e-03 2.668868e-03 2.517797e-03 2.405051e-03 2.862292e-03 2.546619e-03 2.051339e-03 2.670795e-03 2.455024e-03 2.482145e-03 2.674344e-03 2.707332e-03 2.509173e-03 
80 1041 2.653737e-03 0 0 2.370238e-03 2.292584e-03 2.392712e-03 2.350708e-03 2.617937e-03 2.658115e-03 2.316403e-03 2.808668e-03 2.637518e-03 2.592726e-03 2.454981e-03 2.335506e-03 2.762085e-03 2.481371e-03 1.973549e-03 2.585444e-03 2.375034e-03 2.397698e-03 2.585021e-03 2.618237e-03 2.428059e-03 
81 1054 2.645062e-03 0 0 2.380272e-03 2.307698e-03 2.390274e-03 2.356182e-03 2.600767e-03 2.652943e-03 2.300118e-03 2.786955e-03 2.633841e-03 2.579836e-03 2.478002e-03 2.315754e-03 2.772980e-03 2.463881e-03 1.962146e-03 2.595953e-03 2.387292e-03 2.368734e-03 2.562946e-03 2.616128e-03 2.411510e-03 
82 1067 2.694503e-03 0 0 2.397477e-03 2.347882e-03 2.427277e-03 2.388902e-03 2.646803e-03 2.703038e-03 2.349795e-03 2.820067e-03 2.679536e-03 2.606822e-03 2.514906e-03 2.331925e-03 2.799692e-03 2.520748e-03 2.002959e-03 2.655861e-03 2.466049e-03 2.418704e-03 2.596356e-03 2.678741e-03 2.444581e-03 
83 1080 2.696936e-03 0 0 2.438525e-03 2.345262e-03 2.425192e-03 2.407928e-03 2.646322e-03 2.702647e-03 2.337896e-03 2.825467e-03 2.671863e-03 2.614409e-03 2.511625e-03 2.315171e-03 2.818226e-03 2.518636e-03 1.983615e-03 2.651493e-03 2.466038e-03 2.425230e-03 2.590690e-03 2.675320e-03 2.462701e-03 
84 1093 2.716576e-03 0 0 2.454200e-03 2.358804e-03 2.395786e-03 2.441300e-03 2.656934e-03 2.730848e-03 2.351194e-03 2.828501e-03 2.678890e-03 2.624677e-03 2.534287e-03 2.328053e-03 2.856571e-03 2.529868e-03 2.008989e-03 2.672365e-03 2.478432e-03 2.428571e-03 2.594569e-03 2.716014e-03 2.475341e-03 
85 1106 2.766074e-03 0 0 2.470143e-03 2.401808e-03 2.441491e-03 2.487946e-03 2.704507e-03 2.758917e-03 2.400735e-03 2.891372e-03 2.732526e-03 2.665448e-03 2.575628e-03 2.368208e-03 2.912117e-03 2.562248e-03 2.052292e-03 2.758567e-03 2.542432e-03 2.484962e-03 2.628179e-03 2.789612e-03 2.504271e-03 
86 1119 2.797604e-03 0 0 2.511930e-03 2.429170e-03 2.468482e-03 2.521763e-03 2.739287e-03 2.758786e-03 2.434106e-03 2.940484e-03 2.754877e-03 2.718257e-03 2.586638e-03 2.399488e-03 3.004180e-03 2.594593e-03 2.071182e-03 2.788312e-03 2.574989e-03 2.507650e-03 2.664207e-03 2.850069e-03 2.530593e-03 
87 1132 2.660863e-03 0 0 2.379089e-03 2.322881e-03 2.339680e-03 2.381423e-03 2.593424e-03 2.658180e-03 2.295393e-03 2.816262e-03 2.618199e-03 2.593086e-03 2.443542e-03 2.288833e-03 2.861030e-03 2.446403e-03 1.971230e-03 2.649417e-03 2.448971e-03 2.388602e-03 2.517024e-03 2.721831e-03 2.386366e-03 
88 1145 2.646452e-03 0 0 2.370925e-03 2.290408e-03 2.315550e-03 2.362323e-03 2.571838e-03 2.663882e-03 2.313400e-03 2.806397e-03 2.597180e-03 2.590264e-03 2.426732e-03 2.301986e-03 2.867597e-03 2.412049e-03 1.944809e-03 2.616415e-03 2.417072e-03 2.369802e-03 2.501868e-03 2.704941e-03 2.369257e-03 
89 1158 2.693913e-03 0 0 2.433608e-03 2.325090e-03 2.336870e-03 2.399255e-03 2.633316e-03 2.725193e-03 2.372508e-03 2.841984e-03 2.656244e-03 2.619595e-03 2.450501e-03 2.336653e-03 2.940430e-03 2.443239e-03 1.987063e-03 2.667023e-03 2.461833e-03 2.408200e-03 2.536868e-03 2.729292e-03 2.431897e-03 
90 1171 2.680944e-03 0 0 2.429670e-03 2.302326e-03 2.316682e-03 2.393464e-03 2.613941e-03 2.729860e-03 2.389875e-03 2.814887e-03 2.620358e-03 2.588154e-03 2.427555e-03 2.308320e-03 2.935043e-03 2.422379e-03 1.979761e-03 2.643890e-03 2.442834e-03 2.369823e-03 2.518006e-03 2.732281e-03 2.419336e-03 
91 1184 2.700514e-03 0 0 2.442384e-03 2.321082e-03 2.334921e-03 2.403945e-03 2.649783e-03 2.745856e-03 2.430649e-03 2.825106e-03 2.654063e-03 2.604372e-03 2.439122e-03 2.330654e-03 2.941908e-03 2.435681e-03 1.989434e-03 2.657016e-03 2.462856e-03 2.377967e-03 2.529143e-03 2.775260e-03 2.434741e-03 
92 1197 2.701194e-03 0 0 2.448770e-03 2.317037e-03 2.327653e-03 2.400223e-03 2.665551e-03 2.737260e-03 2.437799e-03 2.811532e-03 2.657164e-03 2.611886e-03 2.430320e-03 2.321399e-03 2.981227e-03 2.452918e-03 1.982058e-03 2.653926e-03 2.482007e-03 2.383919e-03 2.518849e-03 2.791772e-03 2.419568e-03 
93 1210 2.675976e-03 0 0 2.408773e-03 2.288343e-03 2.292267e-03 2.385478e-03 2.643335e-03 2.705809e-03 2.422552e-03 2.760661e-03 2.634677e-03 2.571270e-03 2.402808e-03 2.320175e-03 2.975181e-03 2.427063e-03 1.958754e-03 2.621438e-03 2.460524e-03 2.352361e-03 2.492056e-03 2.774009e-03 2.392666e-03 
94 1223 2.744174e-03 0 0 2.437938e-03 2.322139e-03 2.369509e-03 2.446523e-03 2.683198e-03 2.764281e-03 2.484373e-03 2.810541e-03 2.713857e-03 2.635606e-03 2.459457e-03 2.364539e-03 3.058469e-03 2.511345e-03 1.986374e-03 2.697196e-03 2.511742e-03 2.403375e-03 2.551710e-03 2.846565e-03 2.453482e-03 
95 1236 2.770905e-03 0 0 2.480980e-03 2.333810e-03 2.400394e-03 2.464128e-03 2.699778e-03 2.785857e-03 2.499370e-03 2.843652e-03 2.740985e-03 2.677689e-03 2.461738e-03 2.392915e-03 3.078903e-03 2.554599e-03 1.981066e-03 2.727612e-03 2.524577e-03 2.413946e-03 2.575112e-03 2.878179e-03 2.478630e-03 
96 1249 2.854156e-03 0 0 2.561835e-03 2.391789e-03 2.459289e-03 2.567555e-03 2.783103e-03 2.879671e-03 2.565127e-03 2.911225e-03 2.841977e-03 2.743055e-03 2.543306e-03 2.446805e-03 3.183760e-03 2.637057e-03 2.008106e-03 2.806371e-03 2.588636e-03 2.479107e-03 2.632172e-03 2.966129e-03 2.563466e-03 
97 1262 2.945385e-03 0 0 2.666321e-03 2.474973e-03 2.525114e-03 2.634940e-03 2.869316e-03 2.943826e-03 2.658943e-03 3.025876e-03 2.922569e-03 2.812384e-03 2.633501e-03 2.522281e-03 3.291451e-03 2.745642e-03 2.061302e-03 2.873458e-03 2.649947e-03 2.561362e-03 2.703496e-03 3.087660e-03 2.660845e-03 
98 1275 3.145178e-03 0 0 2.851134e-03 2.624555e-03 2.701267e-03 2.800264e-03 3.110028e-03 3.157906e-03 2.827264e-03 3.218782e-03 3.122644e-03 2.986610e-03 2.839397e-03 2.722470e-03 3.504394e-03 2.949101e-03 2.228504e-03 3.056956e-03 2.821731e-03 2.756125e-03 2.903366e-03 3.325111e-03 2.856294e-03 
99 1288 3.351434e-03 0 0 3.039844e-03 2.779770e-03 2.869794e-03 3.029738e-03 3.326280e-03 3.365067e-03 3.008753e-03 3.439788e-03 3.330072e-03 3.180742e-03 3.018284e-03 2.907702e-03 3.744257e-03 3.163753e-03 2.398362e-03 3.245965e-03 2.985609e-03 2.964854e-03 3.080592e-03 3.571135e-03 3.023827e-03 
100 1301 3.567867e-03 0 0 3.301468e-03 2.966045e-03 3.048958e-03 3.221281e-03 3.570593e-03 3.569120e-03 3.199787e-03 3.660639e-03 3.564105e-03 3.383486e-03 3.196011e-03 3.136554e-03 3.968286e-03 3.351711e-03 2.558133e-03 3.421229e-03 3.213427e-03 3.152623e-03 3.287248e-03 3.803904e-03 3.207753e-03 
101 1314 3.830026e-03 0 0 3.620276e-03 3.163090e-03 3.289110e-03 3.467739e-03 3.869006e-03 3.822448e-03 3.404722e-03 3.948935e-03 3.856174e-03 3.649535e-03 3.415707e-03 3.372701e-03 4.246874e-03 3.604838e-03 2.733452e-03 3.704322e-03 3.442159e-03 3.362862e-03 3.534067e-03 4.045143e-03 3.450482e-03 
102 1327 4.199422e-03 0 0 4.012233e-03 3.477500e-03 3.607649e-03 3.832560e-03 4.256961e-03 4.154024e-03 3.682655e-03 4.325377e-03 4.254008e-03 3.999554e-03 3.729123e-03 3.725442e-03 4.712063e-03 3.982951e-03 2.993992e-03 4.066319e-03 3.789235e-03 3.678778e-03 3.877890e-03 4.442463e-03 3.834977e-03 
103 1340 4.416096e-03 0 0 4.270321e-03 3.614437e-03 3.780859e-03 3.979625e-03 4.494234e-03 4.391583e-03 3.863887e-03 4.588321e-03 4.459816e-03 4.187051e-03 3.928852e-03 3.935193e-03 4.914290e-03 4.199147e-03 3.134275e-03 4.291090e-03 3.969984e-03 3.834063e-03 4.074168e-03 4.649974e-03 4.054325e-03 
104 1353 4.699838e-03 0 0 4.567016e-03 3.854194e-03 4.012048e-03 4.240197e-03 4.832856e-03 4.657492e-03 4.097192e-03 4.924714e-03 4.765800e-03 4.494506e-03 4.179104e-03 4.181564e-03 5.215151e-03 4.540559e-03 3.311628e-03 4.569682e-03 4.219136e-03 4.105192e-03 4.332723e-03 4.916919e-03 4.315144e-03 
105 1366 4.890500e-03 0 0 4.744226e-03 3.989950e-03 4.160788e-03 4.361039e-03 5.075872e-03 4.840219e-03 4.245133e-03 5.143911e-03 4.922314e-03 4.672176e-03 4.334255e-03 4.320661e-03 5.361725e-03 4.719837e-03 3.419184e-03 4.779776e-03 4.362039e-03 4.270923e-03 4.485442e-03 5.083851e-03 4.474174e-03 
106 1379 4.916760e-03 0 0 4.745640e-03 4.004421e-03 4.169917e-03 4.373835e-03 5.139626e-03 4.839135e-03 4.280214e-03 5.146513e-03 4.951509e-03 4.668350e-03 4.362421e-03 4.324527e-03 5.387772e-03 4.732926e-03 3.412508e-03 4.802760e-03 4.418478e-03 4.265605e-03 4.536157e-03 5.083013e-03 4.443858e-03 
107 1392 5.017222e-03 0 0 4.845628e-03 4.070150e-03 4.238912e-03 4.461646e-03 5.301104e-03 4.940324e-03 4.381909e-03 5.218913e-03 5.046755e-03 4.759300e-03 4.444126e-03 4.395871e-03 5.466488e-03 4.812325e-03 3.461706e-03 4.978198e-03 4.490889e-03 4.342517e-03 4.652249e-03 5.171334e-03 4.524636e-03 
108 1405 5.105453e-03 0 0 4.910211e-03 4.173071e-03 4.284330e-03 4.567280e-03 5.464206e-03 5.029602e-03 4.459983e-03 5.287426e-03 5.157582e-03 4.853127e-03 4.528139e-03 4.441140e-03 5.545442e-03 4.875324e-03 3.504333e-03 5.124965e-03 4.592774e-03 4.399004e-03 4.783322e-03 5.238624e-03 4.550049e-03 
109 1418 5.034317e-03 0 0 4.813251e-03 4.119085e-03 4.203349e-03 4.496502e-03 5.338789e-03 4.984288e-03 4.451533e-03 5.221937e-03 5.075540e-03 4.763988e-03 4.410124e-03 4.365047e-03 5.429533e-03 4.765658e-03 3.418325e-03 5.078739e-03 4.526024e-03 4.316282e-03 4.702938e-03 5.167993e-03 4.493104e-03 
110 1431 4.918783e-03 0 0 4.683251e-03 4.028475e-03 4.093371e-03 4.391228e-03 5.233957e-03 4.841736e-03 4.348614e-03 5.089563e-03 4.995028e-03 4.634590e-03 4.284790e-03 4.247732e-03 5.283931e-03 4.648295e-03 3.383748e-03 4.947311e-03 4.402261e-03 4.215315e-03 4.552647e-03 5.028944e-03 4.393385e-03 
111 1444 4.837084e-03 0 0 4.606803e-03 3.916651e-03 4.021346e-03 4.284943e-03 5.159610e-03 4.768045e-03 4.287445e-03 5.021583e-03 4.955586e-03 4.536296e-03 4.203090e-03 4.168995e-03 5.178435e-03 4.558490e-03 3.330569e-03 4.910496e-03 4.305715e-03 4.149363e-03 4.476869e-03 4.919783e-03 4.295131e-03 
112 1457 4.757423e-03 0 0 4.527405e-03 3.843627e-03 3.982505e-03 4.246953e-03 5.068709e-03 4.709281e-03 4.179815e-03 4.941560e-03 4.841430e-03 4.446436e-03 4.077286e-03 4.071853e-03 5.081482e-03 4.462256e-03 3.262673e-03 4.821943e-03 4.252894e-03 4.058817e-03 4.396975e-03 4.892339e-03 4.203958e-03 
113 1470 4.583064e-03 0 0 4.361717e-03 3.686122e-03 3.826428e-03 4.090122e-03 4.832419e-03 4.530433e-03 4.080029e-03 4.749593e-03 4.667977e-03 4.302795e-03 3.914434e-03 3.922277e-03 4.873128e-03 4.270208e-03 3.124135e-03 4.671620e-03 4.128563e-03 3.889141e-03 4.242296e-03 4.693999e-03 4.048609e-03 
114 1483 4.669899e-03 0 0 4.429420e-03 3.759884e-03 3.904442e-03 4.150710e-03 4.897867e-03 4.634385e-03 4.254321e-03 4.849018e-03 4.711928e-03 4.355360e-03 3.948085e-03 4.015526e-03 4.944071e-03 4.361590e-03 3.210185e-03 4.754413e-03 4.322130e-03 3.966678e-03 4.328373e-03 4.774545e-03 4.121840e-03 
115 1496 4.869708e-03 0 0 4.597804e-03 3.978606e-03 4.048361e-03 4.361097e-03 5.115606e-03 4.832321e-03 4.453657e-03 5.050592e-03 4.916124e-03 4.514254e-03 4.107331e-03 4.174555e-03 5.161557e-03 4.541053e-03 3.360441e-03 5.026300e-03 4.579235e-03 4.130287e-03 4.491535e-03 4.947597e-03 4.372509e-03 
116 1509 4.988052e-03 0 0 4.685526e-03 4.049874e-03 4.110538e-03 4.443044e-03 5.251115e-03 4.936030e-03 4.593109e-03 5.162201e-03 5.012752e-03 4.615796e-03 4.201025e-03 4.286023e-03 5.240475e-03 4.638633e-03 3.449980e-03 5.164379e-03 4.765869e-03 4.235433e-03 4.577435e-03 5.104564e-03 4.481393e-03 
117 1522 5.074353e-03 0 0 4.737230e-03 4.145604e-03 4.175323e-03 4.550977e-03 5.331085e-03 5.012590e-03 4.681704e-03 5.234022e-03 5.084885e-03 4.707059e-03 4.331485e-03 4.325518e-03 5.295150e-03 4.744471e-03 3.491721e-03 5.246927e-03 4.913122e-03 4.288103e-03 4.660171e-03 5.239061e-03 4.555364e-03 
118 1535 5.125530e-03 0 0 4.823410e-03 4.183148e-03 4.218006e-03 4.624849e-03 5.378632e-03 5.029182e-03 4.764429e-03 5.291140e-03 5.139670e-03 4.731022e-03 4.335360e-03 4.380156e-03 5.395791e-03 4.825841e-03 3.512906e-03 5.268797e-03 4.976797e-03 4.256961e-03 4.707999e-03 5.261397e-03 4.632787e-03 
119 1548 5.060737e-03 0 0 4.721458e-03 4.117626e-03 4.139562e-03 4.572928e-03 5.327738e-03 4.987257e-03 4.696062e-03 5.186445e-03 5.055042e-03 4.653188e-03 4.256714e-03 4.335206e-03 5.304196e-03 4.732054e-03 3.473004e-03 5.210510e-03 4.948200e-03 4.182007e-03 4.646574e-03 5.187860e-03 4.573052e-03 
120 1561 4.942739e-03 0 0 4.604538e-03 4.037628e-03 4.049231e-03 4.471292e-03 5.178072e-03 4.832995e-03 4.559737e-03 5.080812e-03 4.881694e-03 4.513812e-03 4.203412e-03 4.225293e-03 5.169541e-03 4.665790e-03 3.374656e-03 5.063350e-03 4.791900e-03 4.083902e-03 4.505074e-03 5.075618e-03 4.519720e-03 
121 1574 5.023425e-03 0 0 4.679664e-03 4.198029e-03 4.080441e-03 4.534835e-03 5.297614e-03 4.907091e-03 4.605628e-03 5.282609e-03 4.935580e-03 4.585695e-03 4.290619e-03 4.356562e-03 5.273932e-03 4.760643e-03 3.441466e-03 5.150539e-03 4.869416e-03 4.120403e-03 4.560735e-03 5.152860e-03 4.630871e-03 
122 1587 5.262759e-03 0 0 4.911888e-03 4.415239e-03 4.267318e-03 4.749493e-03 5.544879e-03 5.113737e-03 4.850609e-03 5.558720e-03 5.171749e-03 4.794868e-03 4.509299e-03 4.582049e-03 5.626953e-03 4.969996e-03 3.594380e-03 5.409847e-03 5.119716e-03 4.297580e-03 4.654290e-03 5.382318e-03 4.871277e-03 
123 1600 5.458562e-03 0 0 5.135475e-03 4.591856e-03 4.377548e-03 4.945490e-03 5.746215e-03 5.298396e-03 5.037963e-03 5.803130e-03 5.357394e-03 4.964350e-03 4.685866e-03 4.734342e-03 5.855286e-03 5.124614e-03 3.718711e-03 5.589855e-03 5.331607e-03 4.428616e-03 4.797215e-03 5.554755e-03 5.122652e-03 
124 1613 5.644547e-03 0 0 5.296808e-03 4.728463e-03 4.518976e-03 5.134694e-03 5.889329e-03 5.476609e-03 5.195295e-03 5.991746e-03 5.494291e-03 5.096424e-03 4.832064e-03 4.906971e-03 6.006972e-03 5.356288e-03 3.855245e-03 5.786888e-03 5.546077e-03 4.473774e-03 4.948433e-03 5.774188e-03 5.354432e-03 
125 1626 5.683525e-03 0 0 5.325381e-03 4.723112e-03 4.507500e-03 5.177264e-03 5.919482e-03 5.534591e-03 5.214558e-03 6.048304e-03 5.524787e-03 5.154194e-03 4.862401e-03 4.935971e-03 6.074683e-03 5.431741e-03 3.857374e-03 5.806527e-03 5.567156e-03 4.494163e-03 4.956436e-03 5.831770e-03 5.387416e-03 
126 1639 5.610202e-03 0 0 5.230407e-03 4.666549e-03 4.409535e-03 5.051531e-03 5.852681e-03 5.461169e-03 5.135939e-03 5.915220e-03 5.439359e-03 5.107229e-03 4.805312e-03 4.893410e-03 6.033927e-03 5.361115e-03 3.784857e-03 5.728828e-03 5.484462e-03 4.434759e-03 4.912527e-03 5.727587e-03 5.329519e-03 
127 1652 5.555707e-03 0 0 5.188954e-03 4.670764e-03 4.353326e-03 4.984662e-03 5.795209e-03 5.458370e-03 5.060202e-03 5.826051e-03 5.371933e-03 5.036467e-03 4.767836e-03 4.838063e-03 5.981795e-03 5.313050e-03 3.743689e-03 5.677895e-03 5.463885e-03 4.384823e-03 4.866926e-03 5.674751e-03 5.313087e-03 
128 1665 5.406441e-03 0 0 5.075893e-03 4.523415e-03 4.211674e-03 4.835688e-03 5.580017e-03 5.341749e-03 4.943424e-03 5.676447e-03 5.241806e-03 4.915780e-03 4.623195e-03 4.740278e-03 5.852209e-03 5.151932e-03 3.637746e-03 5.474509e-03 5.314577e-03 4.282089e-03 4.734626e-03 5.496258e-03 5.167020e-03 
129 1678 5.301519e-03 0 0 4.974683e-03 4.477207e-03 4.111686e-03 4.720375e-03 5.528651e-03 5.262550e-03 4.842856e-03 5.653175e-03 5.116387e-03 4.813405e-03 4.556175e-03 4.632610e-03 5.805541e-03 5.039355e-03 3.548726e-03 5.436614e-03 5.223100e-03 4.184369e-03 4.666895e-03 5.386769e-03 5.075614e-03 
130 1691 5.136640e-03 0 0 4.823243e-03 4.322098e-03 3.981044e-03 4.581770e-03 5.425538e-03 5.081373e-03 4.685666e-03 5.470644e-03 4.946696e-03 4.632146e-03 4.391112e-03 4.474384e-03 5.678104e-03 4.870282e-03 3.451583e-03 5.279186e-03 5.060571e-03 4.046314e-03 4.543696e-03 5.209199e-03 4.896799e-03 
131 1704 5.216407e-03 0 0 4.970239e-03 4.373110e-03 4.013938e-03 4.659559e-03 5.490109e-03 5.187490e-03 4.762355e-03 5.546311e-03 5.039065e-03 4.773684e-03 4.450062e-03 4.509624e-03 5.735117e-03 4.964950e-03 3.488189e-03 5.348474e-03 5.101699e-03 4.118418e-03 4.610447e-03 5.331767e-03 4.965835e-03 
132 1717 5.317539e-03 0 0 5.127065e-03 4.464698e-03 4.091259e-03 4.730588e-03 5.645072e-03 5.301496e-03 4.836545e-03 5.633947e-03 5.151397e-03 4.860210e-03 4.517372e-03 4.578115e-03 5.840743e-03 5.060646e-03 3.560266e-03 5.433658e-03 5.168000e-03 4.208342e-03 4.675082e-03 5.486932e-03 5.051191e-03 
133 1730 5.158296e-03 0 0 5.023175e-03 4.353474e-03 3.955980e-03 4.537175e-03 5.474131e-03 5.124662e-03 4.680081e-03 5.464345e-03 5.057563e-03 4.738887e-03 4.404453e-03 4.453040e-03 5.676420e-03 4.895633e-03 3.445474e-03 5.286126e-03 4.970697e-03 4.080586e-03 4.535227e-03 5.344221e-03 4.856770e-03 
134 1743 5.254103e-03 0 0 5.229118e-03 4.468128e-03 4.048939e-03 4.655090e-03 5.549229e-03 5.231387e-03 4.763013e-03 5.552794e-03 5.170997e-03 4.844815e-03 4.476585e-03 4.648469e-03 5.738249e-03 4.983503e-03 3.535018e-03 5.384042e-03 5.080550e-03 4.144369e-03 4.632330e-03 5.472981e-03 4.950951e-03 
135 1756 5.179232e-03 0 0 5.167409e-03 4.390492e-03 3.949359e-03 4.582216e-03 5.501636e-03 5.137214e-03 4.673065e-03 5.432507e-03 5.087603e-03 4.800697e-03 4.386178e-03 4.585990e-03 5.655770e-03 4.915884e-03 3.495908e-03 5.295213e-03 5.039240e-03 4.097047e-03 4.539127e-03 5.341261e-03 4.903045e-03 
136 1769 4.962124e-03 0 0 4.929504e-03 4.206148e-03 3.776480e-03 4.523141e-03 5.244193e-03 4.951107e-03 4.463525e-03 5.175344e-03 4.824406e-03 4.595459e-03 4.193943e-03 4.412643e-03 5.375562e-03 4.753805e-03 3.340826e-03 5.021200e-03 4.881345e-03 3.911514e-03 4.346532e-03 5.119134e-03 4.682057e-03 
137 1782 4.741053e-03 0 0 4.733954e-03 4.031826e-03 3.610582e-03 4.320251e-03 5.029044e-03 4.663048e-03 4.277723e-03 4.951077e-03 4.672204e-03 4.406112e-03 4.008421e-03 4.147755e-03 5.145237e-03 4.546252e-03 3.171666e-03 4.782418e-03 4.698975e-03 3.722702e-03 4.151806e-03 4.937717e-03 4.477831e-03 
138 1795 4.411995e-03 0 0 4.388373e-03 3.751301e-03 3.328965e-03 3.992947e-03 4.643219e-03 4.349519e-03 3.966213e-03 4.613126e-03 4.332768e-03 4.136416e-03 3.713706e-03 3.865542e-03 4.791594e-03 4.221682e-03 2.944011e-03 4.449792e-03 4.351543e-03 3.479644e-03 3.843329e-03 4.600853e-03 4.145878e-03 
139 1808 4.308834e-03 0 0 4.283347e-03 3.666766e-03 3.248214e-03 3.918276e-03 4.503191e-03 4.251541e-03 3.864543e-03 4.471114e-03 4.281678e-03 4.042387e-03 3.598488e-03 3.725617e-03 4.677662e-03 4.117595e-03 2.823880e-03 4.339939e-03 4.233091e-03 3.390475e-03 3.732508e-03 4.482634e-03 4.042429e-03 
140 1821 4.180015e-03 0 0 4.127621e-03 3.539744e-03 3.155000e-03 3.802967e-03 4.328674e-03 4.128646e-03 3.729252e-03 4.331954e-03 4.151883e-03 3.923251e-03 3.496404e-03 3.609756e-03 4.509187e-03 3.971092e-03 2.722631e-03 4.201814e-03 4.095280e-03 3.315541e-03 3.628663e-03 4.333736e-03 3.937768e-03 
141 1834 3.959217e-03 0 0 3.927693e-03 3.342627e-03 2.985162e-03 3.593518e-03 4.098227e-03 3.923879e-03 3.501875e-03 4.081173e-03 3.932396e-03 3.724264e-03 3.318449e-03 3.413555e-03 4.281803e-03 3.755928e-03 2.567596e-03 3.959940e-03 3.846880e-03 3.140254e-03 3.384656e-03 4.082366e-03 3.719239e-03 
142 1847 3.866713e-03 0 0 3.865526e-03 3.247178e-03 2.931939e-03 3.499506e-03 3.982965e-03 3.824971e-03 3.418281e-03 3.979940e-03 3.820852e-03 3.605717e-03 3.211751e-03 3.322655e-03 4.197821e-03 3.650314e-03 2.498674e-03 3.863883e-03 3.759119e-03 3.082970e-03 3.293238e-03 4.021531e-03 3.628927e-03 
143 1860 3.776355e-03 0 0 3.776751e-03 3.166516e-03 2.855876e-03 3.410343e-03 3.884419e-03 3.728791e-03 3.336515e-03 3.870211e-03 3.738013e-03 3.522575e-03 3.163210e-03 3.233678e-03 4.090357e-03 3.568216e-03 2.444656e-03 3.756971e-03 3.636941e-03 2.998102e-03 3.209597e-03 3.930001e-03 3.546249e-03 
144 1873 3.708484e-03 0 0 3.700994e-03 3.089796e-03 2.787974e-03 3.347423e-03 3.806301e-03 3.642586e-03 3.286547e-03 3.772372e-03 3.678898e-03 3.458776e-03 3.082666e-03 3.151955e-03 3.975275e-03 3.444220e-03 2.399075e-03 3.695341e-03 3.570535e-03 2.927776e-03 3.122957e-03 3.882289e-03 3.483696e-03 
145 1886 3.690646e-03 0 0 3.630884e-03 3.097749e-03 2.793120e-03 3.313256e-03 3.732411e-03 3.631311e-03 3.253224e-03 3.748498e-03 3.663528e-03 3.379690e-03 3.118027e-03 3.106144e-03 3.950104e-03 3.409730e-03 2.410660e-03 3.659391e-03 3.563709e-03 2.918498e-03 3.095509e-03 3.920393e-03 3.457056e-03 
146 1899 3.736534e-03 0 0 3.659504e-03 3.151956e-03 2.846311e-03 3.406811e-03 3.805437e-03 3.656951e-03 3.277337e-03 3.796268e-03 3.709296e-03 3.404290e-03 3.185667e-03 3.145645e-03 4.014102e-03 3.458223e-03 2.458804e-03 3.697252e-03 3.609244e-03 2.929896e-03 3.157702e-03 3.981142e-03 3.485264e-03 
147 1912 4.063158e-03 0 0 3.986466e-03 3.405958e-03 3.123555e-03 3.699790e-03 4.187183e-03 3.968501e-03 3.565301e-03 4.112630e-03 4.055037e-03 3.755666e-03 3.470740e-03 3.432767e-03 4.348681e-03 3.757494e-03 2.744093e-03 4.010315e-03 3.987822e-03 3.173173e-03 3.456946e-03 4.410826e-03 3.851112e-03 
148 1925 4.362606e-03 0 0 4.246988e-03 3.682985e-03 3.374843e-03 3.948278e-03 4.489980e-03 4.253779e-03 3.817488e-03 4.417109e-03 4.382718e-03 4.099047e-03 3.733904e-03 3.687433e-03 4.594936e-03 4.050773e-03 2.988636e-03 4.320113e-03 4.321303e-03 3.428958e-03 3.754677e-03 4.784955e-03 4.117896e-03 
149 1938 4.566112e-03 0 0 4.507842e-03 3.889512e-03 3.606780e-03 4.117769e-03 4.683567e-03 4.438033e-03 4.017802e-03 4.590532e-03 4.620811e-03 4.303237e-03 3.919721e-03 3.856451e-03 4.791060e-03 4.248880e-03 3.120624e-03 4.527473e-03 4.529209e-03 3.582270e-03 3.927435e-03 5.021146e-03 4.339673e-03 
150 1951 4.841763e-03 0 0 4.824573e-03 4.100953e-03 3.806539e-03 4.352768e-03 4.958903e-03 4.692145e-03 4.313566e-03 4.857076e-03 4.967611e-03 4.568357e-03 4.153825e-03 4.148227e-03 5.073507e-03 4.505933e-03 3.405041e-03 4.798417e-03 4.808091e-03 3.786752e-03 4.144025e-03 5.454417e-03 4.601395e-03 
151 1964 5.006202e-03 0 0 5.010199e-03 4.232030e-03 3.939678e-03 4.549245e-03 5.135707e-03 4.832177e-03 4.472869e-03 5.040515e-03 5.160869e-03 4.710921e-03 4.278773e-03 4.318293e-03 5.241077e-03 4.677060e-03 3.571433e-03 4.947695e-03 4.960965e-03 3.895912e-03 4.269769e-03 5.627701e-03 4.767609e-03 
152 1977 5.054814e-03 0 0 5.058288e-03 4.311573e-03 4.003079e-03 4.581867e-03 5.206819e-03 4.880025e-03 4.523549e-03 5.092157e-03 5.205876e-03 4.739069e-03 4.317110e-03 4.369052e-03 5.290125e-03 4.707452e-03 3.612718e-03 4.982477e-03 5.000777e-03 3.907584e-03 4.307253e-03 5.686882e-03 4.821409e-03 
153 1990 5.021673e-03 0 0 5.008508e-03 4.270179e-03 3.985768e-03 4.526911e-03 5.165130e-03 4.883976e-03 4.479437e-03 5.037291e-03 5.181612e-03 4.717536e-03 4.278373e-03 4.376456e-03 5.224936e-03 4.642087e-03 3.622956e-03 4.961613e-03 4.916745e-03 3.874536e-03 4.253474e-03 5.681330e-03 4.795035e-03 
154 2003 5.155691e-03 0 0 5.156307e-03 4.349979e-03 4.104502e-03 4.631913e-03 5.295773e-03 5.025593e-03 4.591882e-03 5.146222e-03 5.308718e-03 4.861205e-03 4.376578e-03 4.543135e-03 5.371896e-03 4.800674e-03 3.731727e-03 5.101607e-03 5.087073e-03 3.944730e-03 4.356061e-03 5.888510e-03 4.963649e-03 
155 2016 5.277585e-03 0 0 5.295916e-03 4.452754e-03 4.140441e-03 4.716747e-03 5.398909e-03 5.133038e-03 4.695577e-03 5.253382e-03 5.409058e-03 5.001062e-03 4.484473e-03 4.670421e-03 5.493576e-03 4.988142e-03 3.796905e-03 5.250649e-03 5.186742e-03 4.067924e-03 4.433922e-03 6.038629e-03 5.061373e-03 
156 2029 5.351860e-03 0 0 5.358154e-03 4.577003e-03 4.130276e-03 4.778980e-03 5.475031e-03 5.180502e-03 4.747793e-03 5.289718e-03 5.440908e-03 5.094749e-03 4.523509e-03 4.728150e-03 5.538050e-03 5.109764e-03 3.823393e-03 5.343079e-03 5.271326e-03 4.149777e-03 4.423246e-03 6.129911e-03 5.173054e-03 
157 2042 5.547538e-03 0 0 5.567085e-03 4.732070e-03 4.296351e-03 4.948991e-03 5.753531e-03 5.366164e-03 4.972773e-03 5.464753e-03 5.625064e-03 5.284265e-03 4.701054e-03 4.897918e-03 5.707526e-03 5.495217e-03 3.958357e-03 5.477101e-03 5.444287e-03 4.283835e-03 4.555399e-03 6.359022e-03 5.342243e-03 
158 2055 5.819262e-03 0 0 5.843527e-03 4.950915e-03 4.513717e-03 5.309671e-03 6.081148e-03 5.604785e-03 5.169733e-03 5.776450e-03 5.869449e-03 5.521962e-03 4.904672e-03 5.132766e-03 5.995317e-03 5.860694e-03 4.137503e-03 5.697951e-03 5.691204e-03 4.471684e-03 4.747183e-03 6.625890e-03 5.615916e-03 
159 2068 5.992991e-03 0 0 6.045814e-03 5.084518e-03 4.628032e-03 5.439915e-03 6.419910e-03 5.733523e-03 5.324266e-03 5.953901e-03 6.031542e-03 5.663578e-03 5.048785e-03 5.229636e-03 6.162589e-03 6.099137e-03 4.207990e-03 5.827602e-03 5.846396e-03 4.638372e-03 4.866866e-03 6.806050e-03 5.787038e-03 
160 2081 6.067535e-03 0 0 6.151184e-03 5.137478e-03 4.685819e-03 5.493707e-03 6.521248e-03 5.790860e-03 5.368362e-03 6.013247e-03 6.080577e-03 5.695819e-03 5.104155e-03 5.272651e-03 6.206128e-03 6.197616e-03 4.261890e-03 5.908865e-03 5.969179e-03 4.663282e-03 4.953088e-03 6.957683e-03 5.914150e-03 
161 2094 6.157904e-03 0 0 6.229130e-03 5.208982e-03 4.720730e-03 5.592910e-03 6.641545e-03 5.865287e-03 5.477046e-03 6.073807e-03 6.160253e-03 5.749516e-03 5.227390e-03 5.348896e-03 6.255215e-03 6.358132e-03 4.311168e-03 6.067321e-03 6.047882e-03 4.702603e-03 4.996793e-03 7.147577e-03 6.044311e-03 
162 2107 6.468234e-03 0 0 6.539127e-03 5.513711e-03 4.945103e-03 5.859319e-03 7.038278e-03 6.131300e-03 5.738908e-03 6.295887e-03 6.499593e-03 6.001973e-03 5.470329e-03 5.565377e-03 6.617021e-03 6.693109e-03 4.488976e-03 6.398492e-03 6.360782e-03 4.921209e-03 5.281937e-03 7.605892e-03 6.398148e-03 
163 2120 6.597344e-03 0 0 6.639307e-03 5.622846e-03 5.064514e-03 5.986013e-03 7.232729e-03 6.274010e-03 5.814835e-03 6.427970e-03 6.635990e-03 6.134108e-03 5.580664e-03 5.687971e-03 6.728612e-03 6.844078e-03 4.585860e-03 6.579562e-03 6.464641e-03 5.002867e-03 5.397520e-03 7.787122e-03 6.560574e-03 
164 2133 6.663837e-03 0 0 6.676967e-03 5.664997e-03 5.072728e-03 6.043358e-03 7.379316e-03 6.323274e-03 5.866320e-03 6.430722e-03 6.685541e-03 6.183497e-03 5.607808e-03 5.705527e-03 6.756476e-03 6.882555e-03 4.597745e-03 6.655503e-03 6.492826e-03 5.034766e-03 5.432295e-03 7.944399e-03 6.621486e-03 
165 2146 6.556453e-03 0 0 6.539993e-03 5.603537e-03 5.000752e-03 5.959409e-03 7.226740e-03 6.191272e-03 5.642712e-03 6.285694e-03 6.556666e-03 6.102654e-03 5.488383e-03 5.591025e-03 6.650631e-03 6.763721e-03 4.509596e-03 6.501101e-03 6.339332e-03 4.907488e-03 5.317085e-03 7.900729e-03 6.494388e-03 
166 2159 6.332529e-03 0 0 6.293743e-03 5.392783e-03 4.821662e-03 5.717460e-03 7.009667e-03 5.970975e-03 5.444622e-03 6.110169e-03 6.310101e-03 5.900500e-03 5.273162e-03 5.369359e-03 6.451152e-03 6.515628e-03 4.314103e-03 6.322596e-03 6.060678e-03 4.772548e-03 5.121611e-03 7.641266e-03 6.213181e-03 
167 2172 6.053147e-03 0 0 6.009841e-03 5.127699e-03 4.603163e-03 5.451318e-03 6.699386e-03 5.688319e-03 5.181886e-03 5.873536e-03 6.028711e-03 5.665468e-03 5.091900e-03 5.138438e-03 6.159167e-03 6.216306e-03 4.113630e-03 6.049608e-03 5.778416e-03 4.528955e-03 4.920774e-03 7.335229e-03 5.936470e-03 
168 2185 5.854826e-03 0 0 5.775412e-03 4.926109e-03 4.431806e-03 5.264350e-03 6.404743e-03 5.459718e-03 5.025232e-03 5.669914e-03 5.829326e-03 5.487581e-03 4.922603e-03 4.941940e-03 5.917885e-03 5.998378e-03 3.983119e-03 5.926525e-03 5.583693e-03 4.382532e-03 4.752354e-03 7.082708e-03 5.834849e-03 
169 2198 5.875610e-03 0 0 5.812850e-03 4.954755e-03 4.448403e-03 5.302877e-03 6.352802e-03 5.456790e-03 5.045623e-03 5.634693e-03 5.856804e-03 5.617711e-03 4.946537e-03 4.952222e-03 5.914512e-03 6.026927e-03 3.982886e-03 6.049876e-03 5.628557e-03 4.408176e-03 4.772787e-03 7.135810e-03 5.934432e-03 
170 2211 5.908793e-03 0 0 5.839891e-03 4.955571e-03 4.497614e-03 5.282654e-03 6.376452e-03 5.525235e-03 5.045120e-03 5.646163e-03 5.918818e-03 5.820166e-03 4.948098e-03 4.950796e-03 5.898114e-03 6.039740e-03 3.983237e-03 6.040286e-03 5.723266e-03 4.442842e-03 4.794481e-03 7.243837e-03 5.938968e-03 
171 2224 5.800337e-03 0 0 5.724390e-03 4.863545e-03 4.445097e-03 5.207181e-03 6.229622e-03 5.461848e-03 4.935678e-03 5.525074e-03 5.844011e-03 5.781760e-03 4.896028e-03 4.854000e-03 5.838979e-03 5.920933e-03 3.904630e-03 5.939902e-03 5.625080e-03 4.390703e-03 4.675594e-03 7.081575e-03 5.822580e-03 
172 2237 5.469222e-03 0 0 5.379479e-03 4.596208e-03 4.172369e-03 4.901447e-03 5.951456e-03 5.128428e-03 4.628130e-03 5.197921e-03 5.500588e-03 5.456925e-03 4.629096e-03 4.548739e-03 5.478305e-03 5.623741e-03 3.653089e-03 5.587712e-03 5.279251e-03 4.185713e-03 4.403391e-03 6.659223e-03 5.464915e-03 
173 2250 5.219853e-03 0 0 5.087571e-03 4.391017e-03 3.964432e-03 4.660449e-03 5.623830e-03 4.875870e-03 4.384510e-03 4.950850e-03 5.179634e-03 5.195118e-03 4.441436e-03 4.351313e-03 5.224447e-03 5.367235e-03 3.490093e-03 5.339245e-03 5.058685e-03 3.972413e-03 4.155743e-03 6.323616e-03 5.311098e-03 
174 2263 4.993916e-03 0 0 4.815849e-03 4.200391e-03 3.785937e-03 4.459484e-03 5.420886e-03 4.658666e-03 4.179072e-03 4.713901e-03 4.925298e-03 4.948006e-03 4.234900e-03 4.145301e-03 4.988830e-03 5.098607e-03 3.314933e-03 5.080221e-03 4.824303e-03 3.800543e-03 3.956560e-03 6.039801e-03 5.050143e-03 
175 2276 4.934692e-03 0 0 4.802404e-03 4.150417e-03 3.749073e-03 4.392867e-03 5.419216e-03 4.540852e-03 4.184325e-03 4.636755e-03 4.878579e-03 4.881097e-03 4.168836e-03 4.084818e-03 4.911079e-03 5.026360e-03 3.282943e-03 5.002557e-03 4.757693e-03 3.774994e-03 3.940695e-03 5.925614e-03 5.019452e-03 
176 2289 5.050520e-03 0 0 4.904072e-03 4.261222e-03 3.831104e-03 4.515252e-03 5.515344e-03 4.638654e-03 4.252744e-03 4.748234e-03 4.980143e-03 5.031031e-03 4.252623e-03 4.163224e-03 5.032840e-03 5.184035e-03 3.410898e-03 5.113695e-03 4.827040e-03 3.901851e-03 4.027792e-03 6.124739e-03 5.107219e-03 
177 2302 5.171547e-03 0 0 5.001331e-03 4.345816e-03 3.936846e-03 4.615353e-03 5.646115e-03 4.728635e-03 4.328899e-03 4.862730e-03 5.089972e-03 5.247512e-03 4.402812e-03 4.241134e-03 5.176146e-03 5.302620e-03 3.530648e-03 5.224267e-03 4.983489e-03 3.993395e-03 4.108463e-03 6.362389e-03 5.357470e-03 
178 2315 5.209935e-03 0 0 5.021284e-03 4.370660e-03 3.942513e-03 4.645392e-03 5.680291e-03 4.808472e-03 4.362629e-03 4.873803e-03 5.102555e-03 5.314383e-03 4.423688e-03 4.309096e-03 5.193812e-03 5.304670e-03 3.558356e-03 5.263217e-03 5.006145e-03 4.080185e-03 4.160013e-03 6.419256e-03 5.416457e-03 
179 2328 5.231624e-03 0 0 5.059205e-03 4.388390e-03 3.963587e-03 4.644588e-03 5.680940e-03 4.830914e-03 4.426078e-03 4.927696e-03 5.093023e-03 5.377286e-03 4.424753e-03 4.357668e-03 5.209704e-03 5.389396e-03 3.577663e-03 5.272295e-03 5.054594e-03 4.076209e-03 4.203615e-03 6.434894e-03 5.424199e-03 
180 2341 5.424924e-03 0 0 5.234849e-03 4.557533e-03 4.111243e-03 4.803751e-03 5.873174e-03 5.026856e-03 4.657811e-03 5.072180e-03 5.289622e-03 5.640423e-03 4.617583e-03 4.519729e-03 5.512795e-03 5.559244e-03 3.703954e-03 5.471009e-03 5.207781e-03 4.219734e-03 4.345440e-03 6.668844e-03 5.657772e-03 
181 2354 5.549933e-03 0 0 5.343378e-03 4.621516e-03 4.185412e-03 4.898620e-03 5.965186e-03 5.153074e-03 4.848783e-03 5.201185e-03 5.403704e-03 5.777706e-03 4.745229e-03 4.615245e-03 5.678507e-03 5.672908e-03 3.792302e-03 5.567816e-03 5.333439e-03 4.299803e-03 4.446771e-03 6.833236e-03 5.791588e-03 
182 2367 5.773514e-03 0 0 5.632774e-03 4.808502e-03 4.342210e-03 5.103496e-03 6.218577e-03 5.344486e-03 5.148560e-03 5.369145e-03 5.682388e-03 6.044396e-03 4.933888e-03 4.801072e-03 6.028460e-03 5.885458e-03 3.919254e-03 5.826783e-03 5.535221e-03 4.450274e-03 4.599271e-03 7.148201e-03 6.024252e-03 
183 2380 5.809218e-03 0 0 5.649993e-03 4.847478e-03 4.357453e-03 5.122844e-03 6.231837e-03 5.357534e-03 5.236831e-03 5.371721e-03 5.757596e-03 6.119746e-03 4.990085e-03 4.797553e-03 6.132229e-03 5.922459e-03 3.909471e-03 5.862343e-03 5.575483e-03 4.495270e-03 4.616354e-03 7.210124e-03 6.068549e-03 
184 2393 5.740021e-03 0 0 5.631767e-03 4.770308e-03 4.300515e-03 5.069160e-03 6.176064e-03 5.377494e-03 5.242783e-03 5.301607e-03 5.694885e-03 6.031642e-03 4.903755e-03 4.720169e-03 6.059658e-03 5.796986e-03 3.853853e-03 5.791476e-03 5.535334e-03 4.424672e-03 4.563362e-03 7.087844e-03 6.013008e-03 
185 2406 5.490177e-03 0 0 5.391305e-03 4.576869e-03 4.106944e-03 4.839550e-03 5.958633e-03 5.172568e-03 5.036567e-03 5.114445e-03 5.472892e-03 5.770104e-03 4.682474e-03 4.463818e-03 5.862021e-03 5.559206e-03 3.651183e-03 5.587533e-03 5.321413e-03 4.248637e-03 4.349266e-03 6.736826e-03 5.744374e-03 
186 2419 5.298442e-03 0 0 5.170602e-03 4.384483e-03 3.927713e-03 4.652418e-03 5.748844e-03 4.980179e-03 4.860859e-03 4.926105e-03 5.271222e-03 5.582044e-03 4.505239e-03 4.304274e-03 5.711424e-03 5.356677e-03 3.540241e-03 5.395391e-03 5.155970e-03 4.105571e-03 4.185367e-03 6.541499e-03 5.525892e-03 
187 2432 5.177808e-03 0 0 5.038110e-03 4.295734e-03 3.824115e-03 4.577306e-03 5.682736e-03 4.847407e-03 4.754820e-03 4.791745e-03 5.122181e-03 5.438890e-03 4.385471e-03 4.199255e-03 5.569588e-03 5.223551e-03 3.444855e-03 5.264374e-03 4.995806e-03 4.027774e-03 4.066144e-03 6.353728e-03 5.433613e-03 
188 2445 5.069089e-03 0 0 4.913144e-03 4.191433e-03 3.730402e-03 4.505237e-03 5.544648e-03 4.746431e-03 4.673888e-03 4.687196e-03 5.020035e-03 5.328208e-03 4.296396e-03 4.104315e-03 5.453057e-03 5.097022e-03 3.358958e-03 5.157968e-03 4.964614e-03 3.932653e-03 3.961118e-03 6.221241e-03 5.315334e-03 
189 2458 5.043113e-03 0 0 4.889366e-03 4.173182e-03 3.714028e-03 4.467751e-03 5.514113e-03 4.719942e-03 4.679451e-03 4.708438e-03 4.998941e-03 5.299797e-03 4.265675e-03 4.075746e-03 5.441302e-03 5.037896e-03 3.362977e-03 5.140631e-03 4.968404e-03 3.924803e-03 3.927678e-03 6.158442e-03 5.266643e-03 
190 2471 4.935977e-03 0 0 4.786002e-03 4.083565e-03 3.614554e-03 4.372767e-03 5.409113e-03 4.627050e-03 4.597505e-03 4.616355e-03 4.869450e-03 5.176917e-03 4.158383e-03 3.992843e-03 5.307331e-03 4.927135e-03 3.291686e-03 5.028348e-03 4.874754e-03 3.829853e-03 3.833359e-03 6.012187e-03 5.153531e-03 
191 2484 4.812217e-03 0 0 4.641991e-03 3.942012e-03 3.526902e-03 4.265457e-03 5.307353e-03 4.503948e-03 4.531704e-03 4.478649e-03 4.703725e-03 5.087135e-03 4.012735e-03 3.884028e-03 5.172519e-03 4.803556e-03 3.209087e-03 4.875806e-03 4.757938e-03 3.740495e-03 3.701036e-03 5.826797e-03 5.014886e-03 
192 2497 4.784188e-03 0 0 4.584154e-03 3.943128e-03 3.509122e-03 4.201632e-03 5.260799e-03 4.465234e-03 4.518107e-03 4.465332e-03 4.626097e-03 5.022436e-03 4.000637e-03 3.827945e-03 5.124194e-03 4.768980e-03 3.155781e-03 4.861801e-03 4.805693e-03 3.698837e-03 3.671244e-03 5.759245e-03 4.972060e-03 
193 2510 4.583285e-03 0 0 4.398595e-03 3.780044e-03 3.347629e-03 4.021031e-03 5.081762e-03 4.273752e-03 4.337369e-03 4.311613e-03 4.456646e-03 4.806387e-03 3.792972e-03 3.650214e-03 4.894303e-03 4.545440e-03 3.030550e-03 4.669937e-03 4.600335e-03 3.549446e-03 3.529068e-03 5.505079e-03 4.752669e-03 
194 2523 4.612697e-03 0 0 4.419789e-03 3.751672e-03 3.352812e-03 4.031480e-03 5.157238e-03 4.260026e-03 4.369761e-03 4.329019e-03 4.459300e-03 4.807616e-03 3.794573e-03 3.663227e-03 4.910057e-03 4.556638e-03 3.028676e-03 4.677483e-03 4.724935e-03 3.524382e-03 3.567632e-03 5.512858e-03 4.771032e-03 
195 2536 4.773942e-03 0 0 4.594375e-03 3.876023e-03 3.444237e-03 4.140862e-03 5.406676e-03 4.405060e-03 4.503434e-03 4.467436e-03 4.591760e-03 5.029199e-03 3.922454e-03 3.780699e-03 5.080351e-03 4.691609e-03 3.117773e-03 4.815893e-03 4.892508e-03 3.652017e-03 3.666480e-03 5.673295e-03 4.916335e-03 
196 2549 4.851350e-03 0 0 4.755234e-03 3.899508e-03 3.483738e-03 4.206524e-03 5.490892e-03 4.446310e-03 4.566004e-03 4.541761e-03 4.662259e-03 5.185833e-03 3.970666e-03 3.855740e-03 5.126978e-03 4.746005e-03 3.177308e-03 4.887784e-03 5.004469e-03 3.670262e-03 3.713372e-03 5.847465e-03 5.001113e-03 
197 2562 4.717540e-03 0 0 4.649580e-03 3.764707e-03 3.385621e-03 4.064902e-03 5.326004e-03 4.330310e-03 4.443046e-03 4.460217e-03 4.525332e-03 5.049650e-03 3.845722e-03 3.756142e-03 5.026701e-03 4.609308e-03 3.076535e-03 4.777581e-03 4.862284e-03 3.550801e-03 3.579895e-03 5.706936e-03 4.902318e-03 
198 2575 4.664608e-03 0 0 4.632866e-03 3.733013e-03 3.324643e-03 4.085207e-03 5.257867e-03 4.255152e-03 4.384046e-03 4.394915e-03 4.525229e-03 5.006831e-03 3.803501e-03 3.701776e-03 4.972382e-03 4.541974e-03 3.040627e-03 4.739535e-03 4.842932e-03 3.494688e-03 3.527237e-03 5.620737e-03 4.795214e-03 
199 2588 4.533926e-03 0 0 4.525431e-03 3.673888e-03 3.243265e-03 3.940702e-03 5.032445e-03 4.120655e-03 4.277383e-03 4.272133e-03 4.417001e-03 4.857782e-03 3.699204e-03 3.572591e-03 4.796472e-03 4.396194e-03 2.951410e-03 4.615336e-03 4.694632e-03 3.387698e-03 3.424162e-03 5.425907e-03 4.684416e-03 
200 2601 4.424731e-03 0 0 4.397583e-03 3.583616e-03 3.123635e-03 3.845089e-03 4.924901e-03 4.006680e-03 4.182816e-03 4.164446e-03 4.298963e-03 4.719719e-03 3.606061e-03 3.471542e-03 4.615213e-03 4.337164e-03 2.878360e-03 4.511273e-03 4.583094e-03 3.288818e-03 3.352382e-03 5.299107e-03 4.596824e-03 
201 2614 4.306445e-03 0 0 4.272826e-03 3.481781e-03 3.025196e-03 3.750398e-03 4.791523e-03 3.900916e-03 4.075443e-03 4.033193e-03 4.203599e-03 4.595866e-03 3.505798e-03 3.389055e-03 4.509836e-03 4.254344e-03 2.794593e-03 4.412553e-03 4.439454e-03 3.168714e-03 3.272438e-03 5.153974e-03 4.476347e-03 
202 2627 4.255928e-03 0 0 4.220743e-03 3.446077e-03 2.982123e-03 3.672034e-03 4.737237e-03 3.897397e-03 4.039265e-03 4.032609e-03 4.162587e-03 4.526628e-03 3.475614e-03 3.339915e-03 4.413238e-03 4.204734e-03 2.759151e-03 4.358708e-03 4.364305e-03 3.075432e-03 3.228462e-03 5.073084e-03 4.467348e-03 
203 2640 4.316950e-03 0 0 4.309606e-03 3.518946e-03 3.013982e-03 3.675226e-03 4.811011e-03 3.965677e-03 4.139147e-03 4.102408e-03 4.227412e-03 4.585519e-03 3.447322e-03 3.401012e-03 4.456166e-03 4.264569e-03 2.827327e-03 4.430567e-03 4.412161e-03 3.151473e-03 3.273012e-03 5.203887e-03 4.543622e-03 
204 2653 4.309338e-03 0 0 4.284124e-03 3.501065e-03 2.980801e-03 3.669126e-03 4.823585e-03 3.936396e-03 4.129818e-03 4.078023e-03 4.207638e-03 4.563294e-03 3.437068e-03 3.391272e-03 4.404383e-03 4.251736e-03 2.821810e-03 4.418465e-03 4.385071e-03 3.141028e-03 3.238669e-03 5.176366e-03 4.519425e-03 
205 2666 4.280104e-03 0 0 4.289266e-03 3.460523e-03 2.956463e-03 3.661670e-03 4.804442e-03 3.900244e-03 4.112371e-03 4.046334e-03 4.170345e-03 4.545093e-03 3.445015e-03 3.354035e-03 4.355499e-03 4.254150e-03 2.828151e-03 4.389494e-03 4.351058e-03 3.189842e-03 3.216793e-03 5.127001e-03 4.480152e-03 
206 2679 3.990761e-03 0 0 3.997890e-03 3.246519e-03 2.738233e-03 3.416461e-03 4.448969e-03 3.621554e-03 3.826612e-03 3.772609e-03 3.887413e-03 4.205042e-03 3.208529e-03 3.106475e-03 4.043459e-03 3.962844e-03 2.630076e-03 4.093961e-03 3.982493e-03 2.999935e-03 2.986937e-03 4.786851e-03 4.165964e-03 
207 2692 3.741924e-03 0 0 3.719366e-03 3.047188e-03 2.559624e-03 3.192036e-03 4.135477e-03 3.386402e-03 3.578647e-03 3.526845e-03 3.624724e-03 3.929761e-03 3.004893e-03 2.876422e-03 3.726196e-03 3.726983e-03 2.458035e-03 3.823117e-03 3.727436e-03 2.815874e-03 2.827711e-03 4.427608e-03 3.885397e-03 
208 2705 3.543018e-03 0 0 3.517236e-03 2.871774e-03 2.433663e-03 3.050994e-03 3.921918e-03 3.190906e-03 3.388203e-03 3.342743e-03 3.434494e-03 3.732492e-03 2.855525e-03 2.719841e-03 3.526831e-03 3.534386e-03 2.332642e-03 3.626603e-03 3.523912e-03 2.655691e-03 2.678100e-03 4.175314e-03 3.678586e-03 
209 2718 3.453003e-03 0 0 3.408189e-03 2.802952e-03 2.353983e-03 2.964721e-03 3.816631e-03 3.098788e-03 3.282240e-03 3.251339e-03 3.331056e-03 3.631561e-03 2.748602e-03 2.637861e-03 3.425533e-03 3.428523e-03 2.267955e-03 3.516937e-03 3.418261e-03 2.579782e-03 2.613650e-03 4.024920e-03 3.584731e-03 
210 2731 3.404889e-03 0 0 3.342371e-03 2.763478e-03 2.311888e-03 2.906911e-03 3.786778e-03 3.058552e-03 3.235027e-03 3.193088e-03 3.298595e-03 3.588045e-03 2.709477e-03 2.594866e-03 3.375531e-03 3.366772e-03 2.229692e-03 3.475053e-03 3.354422e-03 2.545540e-03 2.585817e-03 3.986260e-03 3.518794e-03 
211 2744 3.320321e-03 0 0 3.273727e-03 2.710363e-03 2.252179e-03 2.824845e-03 3.689862e-03 2.970843e-03 3.162721e-03 3.075922e-03 3.209370e-03 3.486103e-03 2.640705e-03 2.525273e-03 3.257637e-03 3.289477e-03 2.168935e-03 3.368670e-03 3.253523e-03 2.473619e-03 2.518398e-03 3.881281e-03 3.418692e-03 
212 2757 3.190145e-03 0 0 3.173856e-03 2.591163e-03 2.180504e-03 2.729294e-03 3.549018e-03 2.834472e-03 3.026936e-03 2.951611e-03 3.078843e-03 3.350484e-03 2.549575e-03 2.424899e-03 3.113439e-03 3.203156e-03 2.079245e-03 3.234541e-03 3.111466e-03 2.388871e-03 2.418221e-03 3.706734e-03 3.289360e-03 
213 2770 3.156127e-03 0 0 3.166802e-03 2.572414e-03 2.163814e-03 2.684632e-03 3.557247e-03 2.803568e-03 2.987033e-03 2.912738e-03 3.061267e-03 3.337346e-03 2.535471e-03 2.393756e-03 3.084539e-03 3.188385e-03 2.054365e-03 3.220873e-03 3.074976e-03 2.360522e-03 2.413063e-03 3.658028e-03 3.303129e-03 
214 2783 3.148626e-03 0 0 3.150753e-03 2.556098e-03 2.143446e-03 2.678618e-03 3.579921e-03 2.786836e-03 3.017944e-03 2.905235e-03 3.075412e-03 3.315301e-03 2.538061e-03 2.390829e-03 3.054165e-03 3.196869e-03 2.050535e-03 3.238587e-03 3.059283e-03 2.398858e-03 2.404854e-03 3.617408e-03 3.302349e-03 
215 2796 3.169238e-03 0 0 3.152019e-03 2.561950e-03 2.153588e-03 2.687870e-03 3.606650e-03 2.809735e-03 3.060751e-03 2.900978e-03 3.094096e-03 3.331959e-03 2.563526e-03 2.368575e-03 3.062375e-03 3.200521e-03 2.054053e-03 3.287597e-03 3.106435e-03 2.402176e-03 2.422699e-03 3.641821e-03 3.337130e-03 
216 2809 3.152760e-03 0 0 3.139838e-03 2.540017e-03 2.135319e-03 2.664693e-03 3.608510e-03 2.794213e-03 3.054369e-03 2.881506e-03 3.065989e-03 3.312718e-03 2.564532e-03 2.363928e-03 3.032720e-03 3.186501e-03 2.051475e-03 3.317837e-03 3.086501e-03 2.386194e-03 2.407280e-03 3.658138e-03 3.322907e-03 
217 2822 3.170047e-03 0 0 3.156414e-03 2.536135e-03 2.177051e-03 2.678078e-03 3.622527e-03 2.804729e-03 3.113057e-03 2.933575e-03 3.142513e-03 3.358999e-03 2.594533e-03 2.370059e-03 3.064025e-03 3.202469e-03 2.074905e-03 3.344000e-03 3.102282e-03 2.396652e-03 2.434308e-03 3.674264e-03 3.335904e-03 
218 2835 3.107120e-03 0 0 3.092966e-03 2.478649e-03 2.135122e-03 2.615007e-03 3.561139e-03 2.740747e-03 3.062239e-03 2.861953e-03 3.076589e-03 3.292700e-03 2.562446e-03 2.316426e-03 2.999299e-03 3.130009e-03 2.038499e-03 3.306862e-03 3.026399e-03 2.347447e-03 2.370743e-03 3.602540e-03 3.291707e-03 
219 2848 3.027805e-03 0 0 3.011428e-03 2.396818e-03 2.083982e-03 2.543563e-03 3.446052e-03 2.673748e-03 2.973381e-03 2.805446e-03 3.028503e-03 3.216161e-03 2.496579e-03 2.265034e-03 2.927723e-03 3.014011e-03 1.998739e-03 3.283331e-03 2.946311e-03 2.286124e-03 2.308694e-03 3.508845e-03 3.229813e-03 
220 2861 3.026020e-03 0 0 3.039295e-03 2.394022e-03 2.073317e-03 2.537891e-03 3.449137e-03 2.672380e-03 2.960772e-03 2.796585e-03 3.022715e-03 3.191968e-03 2.495122e-03 2.275710e-03 2.935415e-03 3.007624e-03 1.996405e-03 3.323973e-03 2.989158e-03 2.279438e-03 2.297839e-03 3.508933e-03 3.248150e-03 
221 2874 3.172501e-03 0 0 3.223642e-03 2.530040e-03 2.164755e-03 2.650828e-03 3.637161e-03 2.793713e-03 3.133586e-03 2.924213e-03 3.165182e-03 3.341053e-03 2.649184e-03 2.426848e-03 3.067658e-03 3.196782e-03 2.118792e-03 3.526693e-03 3.127846e-03 2.368343e-03 2.424293e-03 3.734380e-03 3.498970e-03 
222 2887 3.310074e-03 0 0 3.372336e-03 2.689889e-03 2.251776e-03 2.761912e-03 3.787935e-03 2.961364e-03 3.290148e-03 3.049423e-03 3.286839e-03 3.461081e-03 2.741339e-03 2.565990e-03 3.186701e-03 3.328841e-03 2.210876e-03 3.717226e-03 3.243613e-03 2.480915e-03 2.523233e-03 3.921407e-03 3.695538e-03 
223 2900 3.290526e-03 0 0 3.353981e-03 2.687796e-03 2.239609e-03 2.767279e-03 3.760217e-03 2.990567e-03 3.282962e-03 3.031981e-03 3.267430e-03 3.507209e-03 2.716625e-03 2.576370e-03 3.161807e-03 3.308483e-03 2.210365e-03 3.671726e-03 3.215952e-03 2.482436e-03 2.494839e-03 3.889826e-03 3.724004e-03 
224 2913 3.180259e-03 0 0 3.232867e-03 2.609567e-03 2.158878e-03 2.662355e-03 3.625718e-03 2.922211e-03 3.185360e-03 2.947669e-03 3.144232e-03 3.375486e-03 2.631526e-03 2.479073e-03 3.029849e-03 3.191204e-03 2.130387e-03 3.524361e-03 3.085450e-03 2.387334e-03 2.413288e-03 3.730950e-03 3.609668e-03 
225 2926 3.297634e-03 0 0 3.344076e-03 2.746174e-03 2.242986e-03 2.759421e-03 3.741200e-03 3.140686e-03 3.291765e-03 3.084725e-03 3.263527e-03 3.488973e-03 2.732035e-03 2.573237e-03 3.142132e-03 3.310437e-03 2.194386e-03 3.647412e-03 3.212363e-03 2.465125e-03 2.497156e-03 3.861535e-03 3.727923e-03 
226 2939 3.472099e-03 0 0 3.523619e-03 2.895052e-03 2.349321e-03 2.904115e-03 3.924148e-03 3.344610e-03 3.484394e-03 3.248211e-03 3.419788e-03 3.647661e-03 2.960382e-03 2.715353e-03 3.285917e-03 3.481258e-03 2.303245e-03 3.821251e-03 3.377730e-03 2.597188e-03 2.622576e-03 4.048971e-03 3.882027e-03 
227 2952 3.639773e-03 0 0 3.699360e-03 3.057989e-03 2.438753e-03 3.036838e-03 4.114222e-03 3.519277e-03 3.649553e-03 3.433429e-03 3.583705e-03 3.795755e-03 3.111907e-03 2.831264e-03 3.420274e-03 3.626423e-03 2.367504e-03 4.037012e-03 3.501689e-03 2.726397e-03 2.739317e-03 4.239096e-03 4.044242e-03 
228 2965 3.698006e-03 0 0 3.747158e-03 3.096754e-03 2.466259e-03 3.092957e-03 4.186303e-03 3.590851e-03 3.688200e-03 3.484535e-03 3.608564e-03 3.902925e-03 3.162902e-03 2.874164e-03 3.450526e-03 3.689140e-03 2.397803e-03 4.094324e-03 3.543380e-03 2.779704e-03 2.771331e-03 4.266507e-03 4.145973e-03 
229 2978 3.608857e-03 0 0 3.656413e-03 3.023514e-03 2.387431e-03 2.996248e-03 4.089921e-03 3.499270e-03 3.595789e-03 3.397896e-03 3.486749e-03 3.793303e-03 3.068957e-03 2.799532e-03 3.360994e-03 3.592447e-03 2.330739e-03 3.994907e-03 3.441466e-03 2.709841e-03 2.704284e-03 4.153912e-03 4.025969e-03 
230 2991 3.463921e-03 0 0 3.497663e-03 2.895141e-03 2.275303e-03 2.862270e-03 3.905890e-03 3.364200e-03 3.448621e-03 3.256955e-03 3.354201e-03 3.644647e-03 2.948418e-03 2.666075e-03 3.221907e-03 3.458545e-03 2.224567e-03 3.822688e-03 3.319395e-03 2.589924e-03 2.590473e-03 3.968956e-03 3.860407e-03 
231 3004 3.283985e-03 0 0 3.323173e-03 2.744744e-03 2.172497e-03 2.696879e-03 3.693687e-03 3.172442e-03 3.255073e-03 3.081730e-03 3.172811e-03 3.449086e-03 2.809878e-03 2.500018e-03 3.079395e-03 3.268776e-03 2.110345e-03 3.608097e-03 3.156420e-03 2.443309e-03 2.468820e-03 3.758139e-03 3.641984e-03 
232 3017 3.082392e-03 0 0 3.122420e-03 2.556653e-03 2.013894e-03 2.561649e-03 3.466454e-03 2.975325e-03 3.050477e-03 2.890681e-03 3.010710e-03 3.226986e-03 2.628851e-03 2.362314e-03 2.898113e-03 3.078909e-03 1.977979e-03 3.400921e-03 2.965708e-03 2.286050e-03 2.319311e-03 3.514636e-03 3.419799e-03 
233 3030 2.849595e-03 0 0 2.875812e-03 2.353938e-03 1.860280e-03 2.397300e-03 3.213544e-03 2.739046e-03 2.822603e-03 2.667232e-03 2.769534e-03 2.980570e-03 2.426633e-03 2.172674e-03 2.679462e-03 2.842443e-03 1.824776e-03 3.145795e-03 2.761714e-03 2.121004e-03 2.146329e-03 3.251084e-03 3.153957e-03 
234 3043 2.729877e-03 0 0 2.752525e-03 2.243835e-03 1.776719e-03 2.278605e-03 3.074741e-03 2.612820e-03 2.695834e-03 2.559989e-03 2.639965e-03 2.856354e-03 2.314651e-03 2.067314e-03 2.560811e-03 2.724152e-03 1.740093e-03 3.006657e-03 2.637926e-03 2.023341e-03 2.056928e-03 3.125281e-03 3.009301e-03 
235 3056 2.635106e-03 0 0 2.624102e-03 2.190068e-03 1.706688e-03 2.185502e-03 2.975292e-03 2.525960e-03 2.611096e-03 2.463216e-03 2.529264e-03 2.751687e-03 2.224311e-03 2.001514e-03 2.463530e-03 2.626516e-03 1.670794e-03 2.895623e-03 2.546469e-03 1.937158e-03 2.002664e-03 3.004642e-03 2.893657e-03 
236 3069 2.672841e-03 0 0 2.659887e-03 2.212559e-03 1.728352e-03 2.255221e-03 3.068871e-03 2.559952e-03 2.639825e-03 2.486653e-03 2.558404e-03 2.792063e-03 2.262851e-03 2.031887e-03 2.532505e-03 2.654329e-03 1.691509e-03 2.934839e-03 2.601954e-03 1.966230e-03 2.024025e-03 3.033210e-03 2.929733e-03 
237 3082 2.676298e-03 0 0 2.660084e-03 2.200066e-03 1.726776e-03 2.253728e-03 3.058035e-03 2.576839e-03 2.629368e-03 2.493436e-03 2.559574e-03 2.818538e-03 2.295427e-03 2.020847e-03 2.516245e-03 2.650350e-03 1.691357e-03 2.926676e-03 2.591275e-03 1.963157e-03 2.022510e-03 2.987887e-03 2.935809e-03 
238 3095 2.604325e-03 0 0 2.619646e-03 2.146272e-03 1.673421e-03 2.199196e-03 2.977902e-03 2.506772e-03 2.570756e-03 2.419859e-03 2.515772e-03 2.752269e-03 2.241872e-03 1.962157e-03 2.435737e-03 2.591618e-03 1.643674e-03 2.854146e-03 2.515819e-03 1.917223e-03 1.962131e-03 2.894155e-03 2.869366e-03 
239 3108 2.508579e-03 0 0 2.518694e-03 2.064738e-03 1.596734e-03 2.112110e-03 2.862741e-03 2.430171e-03 2.464929e-03 2.324944e-03 2.420617e-03 2.655957e-03 2.165280e-03 1.882898e-03 2.346452e-03 2.498292e-03 1.574684e-03 2.749612e-03 2.424208e-03 1.839566e-03 1.893559e-03 2.782358e-03 2.768000e-03 
240 3121 2.356359e-03 0 0 2.364057e-03 1.931318e-03 1.492910e-03 1.978738e-03 2.685332e-03 2.280054e-03 2.305490e-03 2.193169e-03 2.270041e-03 2.487321e-03 2.038387e-03 1.770120e-03 2.202229e-03 2.379978e-03 1.478504e-03 2.573458e-03 2.277246e-03 1.733998e-03 1.771771e-03 2.621758e-03 2.608133e-03 
241 3134 2.341848e-03 0 0 2.365075e-03 1.913053e-03 1.513995e-03 1.976472e-03 2.673546e-03 2.270035e-03 2.285797e-03 2.180835e-03 2.272043e-03 2.464025e-03 2.047383e-03 1.758581e-03 2.185156e-03 2.370065e-03 1.478244e-03 2.546137e-03 2.242723e-03 1.729335e-03 1.754849e-03 2.598589e-03 2.583635e-03 
242 3147 2.330654e-03 0 0 2.402229e-03 1.904754e-03 1.515194e-03 1.956966e-03 2.636926e-03 2.256527e-03 2.278648e-03 2.183913e-03 2.280756e-03 2.451518e-03 2.024297e-03 1.757324e-03 2.178577e-03 2.353456e-03 1.464100e-03 2.545342e-03 2.228831e-03 1.713949e-03 1.725500e-03 2.602144e-03 2.582285e-03 
243 3160 2.259509e-03 0 0 2.324702e-03 1.854509e-03 1.479011e-03 1.889746e-03 2.557473e-03 2.188701e-03 2.224379e-03 2.110368e-03 2.263491e-03 2.382043e-03 1.973346e-03 1.693937e-03 2.132951e-03 2.295597e-03 1.426373e-03 2.468899e-03 2.152499e-03 1.657687e-03 1.679405e-03 2.527107e-03 2.494802e-03 
244 3173 2.238213e-03 0 0 2.305074e-03 1.830577e-03 1.448996e-03 1.875776e-03 2.509226e-03 2.162747e-03 2.195487e-03 2.090565e-03 2.239876e-03 2.324302e-03 1.960237e-03 1.659666e-03 2.101271e-03 2.264761e-03 1.408646e-03 2.434785e-03 2.113660e-03 1.642547e-03 1.664491e-03 2.499314e-03 2.480628e-03 
245 3186 2.194736e-03 0 0 2.280483e-03 1.787380e-03 1.407089e-03 1.823489e-03 2.509586e-03 2.106618e-03 2.125921e-03 2.052675e-03 2.202683e-03 2.284467e-03 1.913087e-03 1.680477e-03 2.057389e-03 2.237822e-03 1.383804e-03 2.387992e-03 2.062581e-03 1.627463e-03 1.633975e-03 2.444718e-03 2.456324e-03 
246 3199 2.203797e-03 0 0 2.303925e-03 1.795325e-03 1.397067e-03 1.828517e-03 2.523290e-03 2.108716e-03 2.128449e-03 2.068940e-03 2.209281e-03 2.291098e-03 1.930813e-03 1.700338e-03 2.076461e-03 2.234695e-03 1.401869e-03 2.393762e-03 2.060813e-03 1.620634e-03 1.639153e-03 2.446691e-03 2.475081e-03 
247 3212 2.242423e-03 0 0 2.347332e-03 1.807987e-03 1.415634e-03 1.848619e-03 2.588856e-03 2.134811e-03 2.159563e-03 2.095977e-03 2.246317e-03 2.323813e-03 1.991762e-03 1.717894e-03 2.098223e-03 2.277545e-03 1.424436e-03 2.436494e-03 2.080624e-03 1.641737e-03 1.688363e-03 2.491882e-03 2.535963e-03 
248 3225 2.204873e-03 0 0 2.313957e-03 1.774033e-03 1.386279e-03 1.814324e-03 2.548311e-03 2.097157e-03 2.158243e-03 2.056247e-03 2.207133e-03 2.289954e-03 1.983601e-03 1.691455e-03 2.059576e-03 2.239653e-03 1.398575e-03 2.382446e-03 2.041933e-03 1.589538e-03 1.689200e-03 2.460713e-03 2.529051e-03 
249 3238 2.165251e-03 0 0 2.271435e-03 1.766132e-03 1.348267e-03 1.784012e-03 2.492282e-03 2.064231e-03 2.145135e-03 2.015761e-03 2.156311e-03 2.245779e-03 1.938388e-03 1.665754e-03 2.041789e-03 2.199026e-03 1.381201e-03 2.321487e-03 1.998206e-03 1.561272e-03 1.660072e-03 2.414218e-03 2.483798e-03 
250 3251 2.108921e-03 0 0 2.206545e-03 1.714000e-03 1.302265e-03 1.734349e-03 2.436159e-03 2.007151e-03 2.097127e-03 1.972537e-03 2.136784e-03 2.182546e-03 1.889046e-03 1.622938e-03 1.973851e-03 2.161194e-03 1.350508e-03 2.263203e-03 1.941463e-03 1.516955e-03 1.624368e-03 2.342445e-03 2.419032e-03 
251 3264 2.030125e-03 0 0 2.128173e-03 1.622465e-03 1.249242e-03 1.672889e-03 2.341352e-03 1.946669e-03 2.017562e-03 1.892380e-03 2.056267e-03 2.087883e-03 1.820781e-03 1.561787e-03 1.889989e-03 2.081007e-03 1.292358e-03 2.179445e-03 1.892169e-03 1.455917e-03 1.561181e-03 2.251055e-03 2.335618e-03 
252 3277 1.984749e-03 0 0 2.059975e-03 1.579898e-03 1.216399e-03 1.647692e-03 2.292450e-03 1.905074e-03 1.975087e-03 1.854247e-03 1.996359e-03 2.033372e-03 1.778021e-03 1.514769e-03 1.860881e-03 2.027436e-03 1.263386e-03 2.125932e-03 1.848719e-03 1.429673e-03 1.518425e-03 2.236379e-03 2.278474e-03 
253 3290 1.932903e-03 0 0 2.004019e-03 1.538717e-03 1.181284e-03 1.607580e-03 2.220330e-03 1.853939e-03 1.936008e-03 1.796959e-03 1.934647e-03 1.976288e-03 1.723096e-03 1.469083e-03 1.818687e-03 1.967040e-03 1.225674e-03 2.098422e-03 1.808733e-03 1.383097e-03 1.479782e-03 2.179887e-03 2.205967e-03 
254 3303 1.923000e-03 0 0 1.990493e-03 1.536329e-03 1.167991e-03 1.586331e-03 2.194106e-03 1.845045e-03 1.937501e-03 1.781695e-03 1.921100e-03 1.974918e-03 1.714407e-03 1.463440e-03 1.804826e-03 1.953743e-03 1.215593e-03 2.100802e-03 1.782189e-03 1.376288e-03 1.455372e-03 2.176785e-03 2.202020e-03 
255 3316 1.957065e-03 0 0 2.051639e-03 1.563301e-03 1.180372e-03 1.620409e-03 2.240691e-03 1.878227e-03 1.969490e-03 1.814019e-03 1.951534e-03 1.999516e-03 1.734078e-03 1.494040e-03 1.811098e-03 2.005304e-03 1.241012e-03 2.166215e-03 1.811186e-03 1.396909e-03 1.468386e-03 2.262725e-03 2.232258e-03 
256 3329 1.962444e-03 0 0 2.071763e-03 1.570894e-03 1.180455e-03 1.628832e-03 2.246635e-03 1.873797e-03 2.007422e-03 1.803299e-03 1.926047e-03 1.993128e-03 1.724629e-03 1.496670e-03 1.818606e-03 2.007402e-03 1.237511e-03 2.183731e-03 1.828833e-03 1.398677e-03 1.469683e-03 2.303046e-03 2.246716e-03 
257 3342 1.923392e-03 0 0 2.031171e-03 1.541007e-03 1.149146e-03 1.598880e-03 2.188929e-03 1.815027e-03 1.972986e-03 1.775230e-03 1.877603e-03 1.945360e-03 1.686739e-03 1.465841e-03 1.773154e-03 1.951159e-03 1.209790e-03 2.146290e-03 1.786675e-03 1.374659e-03 1.428252e-03 2.268156e-03 2.215160e-03 
258 3355 1.858851e-03 0 0 1.963261e-03 1.481510e-03 1.104155e-03 1.548874e-03 2.121978e-03 1.738044e-03 1.916154e-03 1.734115e-03 1.809537e-03 1.872887e-03 1.630328e-03 1.407070e-03 1.704456e-03 1.910730e-03 1.166317e-03 2.073510e-03 1.729203e-03 1.329941e-03 1.371041e-03 2.186242e-03 2.154480e-03 
259 3368 1.766794e-03 0 0 1.864253e-03 1.407735e-03 1.056607e-03 1.464428e-03 1.999807e-03 1.646663e-03 1.814728e-03 1.639570e-03 1.711282e-03 1.786077e-03 1.558936e-03 1.334803e-03 1.610218e-03 1.809386e-03 1.109625e-03 1.956122e-03 1.648139e-03 1.266031e-03 1.296427e-03 2.082127e-03 2.031250e-03 
260 3381 1.726005e-03 0 0 1.809950e-03 1.370360e-03 1.028118e-03 1.423897e-03 1.950994e-03 1.600616e-03 1.762630e-03 1.585148e-03 1.655724e-03 1.739704e-03 1.520987e-03 1.297824e-03 1.562858e-03 1.766202e-03 1.075850e-03 1.906339e-03 1.618629e-03 1.231450e-03 1.265055e-03 2.033952e-03 1.985563e-03 
261 3394 1.715338e-03 0 0 1.786950e-03 1.353818e-03 1.014175e-03 1.414983e-03 1.933429e-03 1.587227e-03 1.735570e-03 1.558499e-03 1.637804e-03 1.732944e-03 1.515374e-03 1.269652e-03 1.538437e-03 1.726801e-03 1.056270e-03 1.915423e-03 1.620566e-03 1.221275e-03 1.237576e-03 1.972415e-03 1.942575e-03 
