%  columns="iteration, evaluation, sigma, max axis length, min axis length, all principal axes lengths (sorted square roots of eigenvalues of C)" (startseed=209055, 2015/03/9 16:38:9.55)
1 14 4.570379e-03 1.033355e+00 9.723348e-01 9.723348e-01 9.784029e-01 9.873280e-01 9.889229e-01 9.904024e-01 9.946952e-01 9.958949e-01 9.958949e-01 9.958949e-01 9.958949e-01 9.958949e-01 9.958949e-01 9.958949e-01 9.958949e-01 9.958949e-01 9.980668e-01 9.998600e-01 1.007533e+00 1.012183e+00 1.015900e+00 1.033355e+00 
2 27 4.313076e-03 1.043219e+00 9.541449e-01 9.541449e-01 9.603275e-01 9.747510e-01 9.812971e-01 9.858289e-01 9.868020e-01 9.875264e-01 9.890905e-01 9.907922e-01 9.917157e-01 9.918200e-01 9.922794e-01 9.935002e-01 9.968554e-01 9.987289e-01 1.003158e+00 1.007623e+00 1.009405e+00 1.019880e+00 1.031079e+00 1.043219e+00 
3 40 4.266240e-03 1.088824e+00 9.448041e-01 9.448041e-01 9.535173e-01 9.669313e-01 9.694653e-01 9.745445e-01 9.816900e-01 9.822229e-01 9.847825e-01 9.859560e-01 9.867498e-01 9.895556e-01 9.900433e-01 9.925280e-01 9.959489e-01 1.001407e+00 1.010072e+00 1.015667e+00 1.023051e+00 1.025839e+00 1.050733e+00 1.088824e+00 
4 53 4.262586e-03 1.108680e+00 9.415283e-01 9.415283e-01 9.462623e-01 9.546298e-01 9.633146e-01 9.668100e-01 9.700852e-01 9.751886e-01 9.806778e-01 9.821518e-01 9.828150e-01 9.861837e-01 9.867608e-01 9.931289e-01 9.951487e-01 1.005553e+00 1.017917e+00 1.018874e+00 1.025931e+00 1.035444e+00 1.046474e+00 1.108680e+00 
5 66 4.188961e-03 1.117829e+00 9.305127e-01 9.305127e-01 9.391227e-01 9.421520e-01 9.540304e-01 9.621708e-01 9.651673e-01 9.698522e-01 9.751731e-01 9.787856e-01 9.805584e-01 9.857299e-01 9.882999e-01 9.897745e-01 1.000259e+00 1.002529e+00 1.013729e+00 1.019130e+00 1.023220e+00 1.048104e+00 1.079509e+00 1.117829e+00 
6 79 4.117238e-03 1.132030e+00 9.068838e-01 9.068838e-01 9.281710e-01 9.347975e-01 9.436156e-01 9.482663e-01 9.568923e-01 9.622266e-01 9.689845e-01 9.729866e-01 9.767329e-01 9.851133e-01 9.852378e-01 9.939813e-01 1.002497e+00 1.007625e+00 1.013069e+00 1.020507e+00 1.024985e+00 1.046944e+00 1.091269e+00 1.132030e+00 
7 92 3.937479e-03 1.134406e+00 9.056140e-01 9.056140e-01 9.259717e-01 9.306625e-01 9.375743e-01 9.415578e-01 9.559401e-01 9.580095e-01 9.659741e-01 9.688805e-01 9.738025e-01 9.763503e-01 9.815980e-01 9.890604e-01 9.966177e-01 1.008637e+00 1.012216e+00 1.020530e+00 1.027225e+00 1.041419e+00 1.099160e+00 1.134406e+00 
8 105 3.751247e-03 1.134852e+00 8.883669e-01 8.883669e-01 9.169447e-01 9.271417e-01 9.288244e-01 9.445583e-01 9.511555e-01 9.547665e-01 9.635947e-01 9.660675e-01 9.714786e-01 9.774344e-01 9.859634e-01 9.920486e-01 9.959124e-01 1.004518e+00 1.009106e+00 1.012231e+00 1.023744e+00 1.039284e+00 1.113196e+00 1.134852e+00 
9 118 3.587454e-03 1.129139e+00 8.800031e-01 8.800031e-01 9.120634e-01 9.164914e-01 9.238408e-01 9.388354e-01 9.443913e-01 9.516892e-01 9.560676e-01 9.585581e-01 9.656102e-01 9.769395e-01 9.784272e-01 9.849434e-01 9.931526e-01 1.002986e+00 1.010259e+00 1.016126e+00 1.024183e+00 1.037723e+00 1.114328e+00 1.129139e+00 
10 131 3.594714e-03 1.143988e+00 8.644699e-01 8.644699e-01 9.040775e-01 9.101703e-01 9.183885e-01 9.282386e-01 9.359213e-01 9.494870e-01 9.552254e-01 9.566207e-01 9.590697e-01 9.677914e-01 9.767393e-01 9.844159e-01 9.942575e-01 9.993130e-01 1.008814e+00 1.022947e+00 1.031121e+00 1.056486e+00 1.121466e+00 1.143988e+00 
11 144 3.644545e-03 1.156796e+00 8.558754e-01 8.558754e-01 8.949980e-01 9.051226e-01 9.113203e-01 9.289918e-01 9.384588e-01 9.464588e-01 9.501856e-01 9.568220e-01 9.611244e-01 9.624301e-01 9.745226e-01 9.879770e-01 9.933591e-01 1.001700e+00 1.008520e+00 1.019557e+00 1.031460e+00 1.053474e+00 1.129208e+00 1.156796e+00 
12 157 3.688957e-03 1.167099e+00 8.531249e-01 8.531249e-01 8.870751e-01 8.956755e-01 9.084347e-01 9.205639e-01 9.299947e-01 9.416767e-01 9.473493e-01 9.540534e-01 9.612013e-01 9.650622e-01 9.767978e-01 9.890064e-01 9.998014e-01 1.004796e+00 1.008087e+00 1.024707e+00 1.034544e+00 1.064400e+00 1.135395e+00 1.167099e+00 
13 170 3.792579e-03 1.198538e+00 8.484311e-01 8.484311e-01 8.748579e-01 8.835237e-01 9.045396e-01 9.182519e-01 9.318041e-01 9.330042e-01 9.468661e-01 9.524545e-01 9.606035e-01 9.713819e-01 9.788388e-01 9.865569e-01 9.984708e-01 1.002749e+00 1.010175e+00 1.027407e+00 1.042156e+00 1.072073e+00 1.145169e+00 1.198538e+00 
14 183 3.830026e-03 1.220785e+00 8.514494e-01 8.514494e-01 8.601048e-01 8.767969e-01 9.005888e-01 9.120748e-01 9.219375e-01 9.285145e-01 9.461444e-01 9.530943e-01 9.635737e-01 9.672667e-01 9.713555e-01 9.888655e-01 9.987388e-01 9.993705e-01 1.007348e+00 1.031792e+00 1.055070e+00 1.087456e+00 1.152946e+00 1.220785e+00 
15 196 3.785834e-03 1.235032e+00 8.389072e-01 8.389072e-01 8.581748e-01 8.780746e-01 8.993422e-01 9.068668e-01 9.220527e-01 9.234085e-01 9.391722e-01 9.494868e-01 9.568409e-01 9.653844e-01 9.719620e-01 9.852359e-01 9.932175e-01 1.004443e+00 1.005100e+00 1.035278e+00 1.055252e+00 1.087244e+00 1.167749e+00 1.235032e+00 
16 209 3.885166e-03 1.282632e+00 8.331486e-01 8.331486e-01 8.533082e-01 8.716701e-01 8.936205e-01 9.049420e-01 9.138447e-01 9.209210e-01 9.375894e-01 9.450015e-01 9.563235e-01 9.674066e-01 9.714488e-01 9.829186e-01 9.941960e-01 1.000706e+00 1.027444e+00 1.050764e+00 1.064220e+00 1.088063e+00 1.166131e+00 1.282632e+00 
17 222 4.015700e-03 1.330291e+00 8.261262e-01 8.261262e-01 8.544543e-01 8.709637e-01 8.960694e-01 9.031366e-01 9.139551e-01 9.204672e-01 9.326566e-01 9.397757e-01 9.602073e-01 9.641826e-01 9.681499e-01 9.811872e-01 9.946841e-01 1.001741e+00 1.037670e+00 1.047492e+00 1.063324e+00 1.114857e+00 1.163008e+00 1.330291e+00 
18 235 4.072518e-03 1.345346e+00 8.164667e-01 8.164667e-01 8.502797e-01 8.652203e-01 8.945433e-01 8.981708e-01 9.110136e-01 9.164649e-01 9.297019e-01 9.375995e-01 9.549489e-01 9.629786e-01 9.708151e-01 9.842724e-01 9.867768e-01 9.985402e-01 1.045765e+00 1.047484e+00 1.060927e+00 1.116774e+00 1.163254e+00 1.345346e+00 
19 248 4.032762e-03 1.348550e+00 8.080543e-01 8.080543e-01 8.456797e-01 8.609046e-01 8.909365e-01 8.954065e-01 9.101272e-01 9.130615e-01 9.182791e-01 9.465579e-01 9.523283e-01 9.578130e-01 9.745546e-01 9.819361e-01 9.883766e-01 1.008288e+00 1.034762e+00 1.047360e+00 1.064539e+00 1.121754e+00 1.165767e+00 1.348550e+00 
20 261 3.967670e-03 1.351185e+00 7.997938e-01 7.997938e-01 8.373521e-01 8.627662e-01 8.837984e-01 8.888844e-01 9.024639e-01 9.130670e-01 9.284542e-01 9.436916e-01 9.503376e-01 9.544670e-01 9.782695e-01 9.857936e-01 9.929082e-01 1.011133e+00 1.035810e+00 1.058280e+00 1.067993e+00 1.135830e+00 1.164351e+00 1.351185e+00 
21 274 3.928592e-03 1.357796e+00 7.910127e-01 7.910127e-01 8.416823e-01 8.482422e-01 8.796771e-01 8.911882e-01 9.000861e-01 9.124452e-01 9.246717e-01 9.408091e-01 9.481839e-01 9.534055e-01 9.741845e-01 9.882420e-01 9.960491e-01 1.007067e+00 1.043327e+00 1.054308e+00 1.083479e+00 1.122793e+00 1.167175e+00 1.357796e+00 
22 287 3.853760e-03 1.359245e+00 7.900543e-01 7.900543e-01 8.202328e-01 8.419631e-01 8.757098e-01 8.900328e-01 8.981556e-01 9.107400e-01 9.294206e-01 9.328127e-01 9.453947e-01 9.488860e-01 9.729032e-01 9.884852e-01 9.986647e-01 1.004305e+00 1.046838e+00 1.057509e+00 1.094328e+00 1.115160e+00 1.155879e+00 1.359245e+00 
23 300 3.943920e-03 1.376402e+00 7.795714e-01 7.795714e-01 8.104680e-01 8.438510e-01 8.701235e-01 8.901922e-01 8.929264e-01 9.036590e-01 9.240994e-01 9.263180e-01 9.433490e-01 9.603233e-01 9.739377e-01 9.884034e-01 9.969850e-01 1.001241e+00 1.043412e+00 1.052989e+00 1.109551e+00 1.119117e+00 1.153042e+00 1.376402e+00 
24 313 4.134135e-03 1.371225e+00 7.693442e-01 7.693442e-01 8.042763e-01 8.408268e-01 8.614266e-01 8.909910e-01 8.931132e-01 9.053508e-01 9.160054e-01 9.263440e-01 9.409277e-01 9.637961e-01 9.690113e-01 9.861656e-01 9.898938e-01 1.001073e+00 1.040583e+00 1.045229e+00 1.110134e+00 1.142365e+00 1.167028e+00 1.371225e+00 
25 326 4.277470e-03 1.372031e+00 7.652928e-01 7.652928e-01 7.941131e-01 8.372761e-01 8.617712e-01 8.858624e-01 8.891909e-01 9.071682e-01 9.159405e-01 9.240335e-01 9.397733e-01 9.587028e-01 9.728993e-01 9.846745e-01 9.859281e-01 9.998518e-01 1.035829e+00 1.050731e+00 1.102423e+00 1.137812e+00 1.202519e+00 1.372031e+00 
26 339 4.268788e-03 1.375054e+00 7.595336e-01 7.595336e-01 7.951280e-01 8.346920e-01 8.561224e-01 8.829778e-01 8.848797e-01 9.046579e-01 9.146822e-01 9.325802e-01 9.349762e-01 9.520824e-01 9.677824e-01 9.848213e-01 9.901923e-01 1.000793e+00 1.033444e+00 1.047986e+00 1.104702e+00 1.131484e+00 1.210690e+00 1.375054e+00 
27 352 4.221899e-03 1.375463e+00 7.477677e-01 7.477677e-01 7.878683e-01 8.372108e-01 8.582511e-01 8.787472e-01 8.863026e-01 8.985810e-01 9.083800e-01 9.231058e-01 9.373753e-01 9.555634e-01 9.683259e-01 9.799808e-01 9.833021e-01 1.001398e+00 1.039024e+00 1.046823e+00 1.096337e+00 1.136132e+00 1.214223e+00 1.375463e+00 
28 365 4.186703e-03 1.369775e+00 7.411634e-01 7.411634e-01 7.850264e-01 8.290122e-01 8.436576e-01 8.799667e-01 8.814086e-01 8.985591e-01 9.086202e-01 9.206285e-01 9.340988e-01 9.535329e-01 9.632540e-01 9.765698e-01 9.895539e-01 9.954938e-01 1.032728e+00 1.043512e+00 1.088288e+00 1.140313e+00 1.229569e+00 1.369775e+00 
29 378 4.150119e-03 1.371161e+00 7.392067e-01 7.392067e-01 7.841253e-01 8.271040e-01 8.362879e-01 8.798053e-01 8.894007e-01 8.989250e-01 9.077844e-01 9.202757e-01 9.299960e-01 9.520434e-01 9.595155e-01 9.730708e-01 9.938520e-01 1.003452e+00 1.032793e+00 1.047261e+00 1.084982e+00 1.138967e+00 1.239297e+00 1.371161e+00 
30 391 4.040844e-03 1.378497e+00 7.372657e-01 7.372657e-01 7.825876e-01 8.277885e-01 8.315115e-01 8.756002e-01 8.870678e-01 8.880093e-01 9.109626e-01 9.227943e-01 9.267017e-01 9.484703e-01 9.583370e-01 9.726563e-01 9.955643e-01 1.024261e+00 1.034801e+00 1.046765e+00 1.078597e+00 1.170519e+00 1.256885e+00 1.378497e+00 
31 404 4.011544e-03 1.378297e+00 7.321602e-01 7.321602e-01 7.817995e-01 8.241301e-01 8.363062e-01 8.653103e-01 8.839242e-01 8.914291e-01 9.085926e-01 9.205491e-01 9.277047e-01 9.439311e-01 9.565603e-01 9.716551e-01 9.900951e-01 1.022666e+00 1.042934e+00 1.047033e+00 1.082484e+00 1.173815e+00 1.258807e+00 1.378297e+00 
32 417 4.011339e-03 1.375170e+00 7.302632e-01 7.302632e-01 7.792409e-01 8.205971e-01 8.340872e-01 8.533565e-01 8.805679e-01 8.904572e-01 9.174630e-01 9.210022e-01 9.273840e-01 9.453655e-01 9.492824e-01 9.707762e-01 9.930191e-01 1.032804e+00 1.044479e+00 1.058399e+00 1.089106e+00 1.174462e+00 1.253408e+00 1.375170e+00 
33 430 3.928459e-03 1.364657e+00 7.268067e-01 7.268067e-01 7.744977e-01 8.195442e-01 8.272237e-01 8.524150e-01 8.752671e-01 8.911898e-01 9.054668e-01 9.180261e-01 9.346485e-01 9.435174e-01 9.495634e-01 9.642803e-01 9.945269e-01 1.033437e+00 1.046195e+00 1.056394e+00 1.097654e+00 1.168639e+00 1.240559e+00 1.364657e+00 
34 443 3.923678e-03 1.368481e+00 7.211659e-01 7.211659e-01 7.713713e-01 8.211940e-01 8.272037e-01 8.548168e-01 8.717660e-01 8.870078e-01 8.970027e-01 9.152565e-01 9.258390e-01 9.430518e-01 9.467917e-01 9.838167e-01 9.912739e-01 1.026086e+00 1.046143e+00 1.070024e+00 1.099687e+00 1.179915e+00 1.237760e+00 1.368481e+00 
35 456 3.901412e-03 1.361852e+00 7.195659e-01 7.195659e-01 7.724932e-01 8.158246e-01 8.236240e-01 8.522221e-01 8.653530e-01 8.897418e-01 8.927175e-01 9.205444e-01 9.277038e-01 9.395282e-01 9.490291e-01 9.818237e-01 9.898201e-01 1.020908e+00 1.041358e+00 1.067793e+00 1.111437e+00 1.176903e+00 1.233092e+00 1.361852e+00 
36 469 3.816823e-03 1.361687e+00 7.170009e-01 7.170009e-01 7.700594e-01 8.040836e-01 8.253689e-01 8.547875e-01 8.677893e-01 8.838553e-01 8.914222e-01 9.157468e-01 9.291321e-01 9.390882e-01 9.552135e-01 9.839660e-01 9.883853e-01 1.015210e+00 1.034368e+00 1.068261e+00 1.118477e+00 1.177404e+00 1.239194e+00 1.361687e+00 
37 482 3.678002e-03 1.363654e+00 7.095703e-01 7.095703e-01 7.677534e-01 8.034811e-01 8.142672e-01 8.558015e-01 8.684996e-01 8.777345e-01 8.931473e-01 9.113657e-01 9.201333e-01 9.406255e-01 9.525378e-01 9.745137e-01 9.867468e-01 1.021294e+00 1.039035e+00 1.066061e+00 1.112420e+00 1.173638e+00 1.229390e+00 1.363654e+00 
38 495 3.561706e-03 1.358346e+00 7.076878e-01 7.076878e-01 7.661698e-01 7.969272e-01 8.111903e-01 8.539692e-01 8.670463e-01 8.750755e-01 8.895447e-01 9.146785e-01 9.230302e-01 9.359491e-01 9.519487e-01 9.727800e-01 9.899644e-01 1.017341e+00 1.035313e+00 1.085381e+00 1.127254e+00 1.165164e+00 1.225148e+00 1.358346e+00 
39 508 3.407120e-03 1.354438e+00 6.989531e-01 6.989531e-01 7.645613e-01 7.950781e-01 8.086187e-01 8.470409e-01 8.617311e-01 8.708307e-01 8.874372e-01 9.118249e-01 9.250503e-01 9.384138e-01 9.484878e-01 9.781680e-01 9.871131e-01 1.027152e+00 1.032519e+00 1.086307e+00 1.128152e+00 1.162408e+00 1.222432e+00 1.354438e+00 
40 521 3.170969e-03 1.348512e+00 6.858335e-01 6.858335e-01 7.586769e-01 7.935297e-01 8.053577e-01 8.415453e-01 8.548612e-01 8.773180e-01 8.968305e-01 9.073702e-01 9.174762e-01 9.338545e-01 9.463181e-01 9.637682e-01 9.842493e-01 1.021725e+00 1.026407e+00 1.074396e+00 1.117110e+00 1.154091e+00 1.220933e+00 1.348512e+00 
41 534 3.010833e-03 1.338085e+00 6.809664e-01 6.809664e-01 7.541577e-01 7.872534e-01 8.007378e-01 8.391032e-01 8.509305e-01 8.742779e-01 8.924651e-01 9.074011e-01 9.227532e-01 9.377368e-01 9.438745e-01 9.592710e-01 9.984064e-01 1.021379e+00 1.028966e+00 1.070619e+00 1.113135e+00 1.155708e+00 1.228955e+00 1.338085e+00 
42 547 2.827249e-03 1.364077e+00 6.774452e-01 6.774452e-01 7.499803e-01 7.743170e-01 7.977830e-01 8.364212e-01 8.472850e-01 8.678049e-01 8.927978e-01 9.046297e-01 9.200076e-01 9.401716e-01 9.417026e-01 9.613939e-01 9.954762e-01 1.020704e+00 1.030691e+00 1.070684e+00 1.106999e+00 1.153219e+00 1.224633e+00 1.364077e+00 
43 560 2.684825e-03 1.363877e+00 6.717438e-01 6.717438e-01 7.478755e-01 7.699443e-01 7.929791e-01 8.300117e-01 8.497989e-01 8.584359e-01 8.873832e-01 8.978361e-01 9.175257e-01 9.297202e-01 9.425581e-01 9.611161e-01 9.955394e-01 1.014760e+00 1.026063e+00 1.069079e+00 1.110060e+00 1.150154e+00 1.222319e+00 1.363877e+00 
44 573 2.688294e-03 1.368481e+00 6.672817e-01 6.672817e-01 7.458091e-01 7.654147e-01 7.867544e-01 8.259072e-01 8.498536e-01 8.626112e-01 8.831742e-01 8.930019e-01 9.242248e-01 9.356796e-01 9.560656e-01 9.794390e-01 9.939315e-01 1.010976e+00 1.028453e+00 1.072541e+00 1.112713e+00 1.148663e+00 1.224889e+00 1.368481e+00 
45 586 2.764942e-03 1.352031e+00 6.653283e-01 6.653283e-01 7.260815e-01 7.646654e-01 7.842556e-01 8.242282e-01 8.457700e-01 8.545810e-01 8.816783e-01 8.895323e-01 9.223347e-01 9.408343e-01 9.523587e-01 9.808369e-01 9.901536e-01 1.023092e+00 1.034195e+00 1.070422e+00 1.106439e+00 1.144492e+00 1.241442e+00 1.352031e+00 
46 599 2.868212e-03 1.369655e+00 6.607586e-01 6.607586e-01 7.213064e-01 7.625547e-01 7.815667e-01 8.170338e-01 8.392980e-01 8.499532e-01 8.761921e-01 8.929386e-01 9.205966e-01 9.393724e-01 9.483550e-01 9.752740e-01 9.849064e-01 1.016941e+00 1.040944e+00 1.079792e+00 1.101813e+00 1.143840e+00 1.244376e+00 1.369655e+00 
47 612 3.038458e-03 1.378509e+00 6.496283e-01 6.496283e-01 7.241163e-01 7.576426e-01 7.748763e-01 8.148291e-01 8.361350e-01 8.514163e-01 8.739940e-01 8.885955e-01 9.151970e-01 9.328458e-01 9.447356e-01 9.725970e-01 9.966559e-01 1.017334e+00 1.044200e+00 1.068941e+00 1.098466e+00 1.147374e+00 1.245728e+00 1.378509e+00 
48 625 3.006817e-03 1.388127e+00 6.475758e-01 6.475758e-01 7.185784e-01 7.528357e-01 7.731279e-01 8.184006e-01 8.281336e-01 8.454412e-01 8.736959e-01 8.882191e-01 9.117269e-01 9.287517e-01 9.419225e-01 9.608680e-01 1.004140e+00 1.025260e+00 1.046292e+00 1.064186e+00 1.097069e+00 1.143180e+00 1.246085e+00 1.388127e+00 
49 638 2.852172e-03 1.421014e+00 6.425746e-01 6.425746e-01 7.155479e-01 7.448404e-01 7.720540e-01 8.086337e-01 8.289385e-01 8.366093e-01 8.739378e-01 8.745576e-01 9.089123e-01 9.311421e-01 9.401432e-01 9.575789e-01 1.002478e+00 1.026712e+00 1.051509e+00 1.065782e+00 1.099596e+00 1.139759e+00 1.241887e+00 1.421014e+00 
50 651 2.689218e-03 1.427109e+00 6.383052e-01 6.383052e-01 7.102461e-01 7.410266e-01 7.702688e-01 8.067113e-01 8.260503e-01 8.344336e-01 8.696664e-01 8.746011e-01 9.032896e-01 9.388033e-01 9.459791e-01 9.560495e-01 1.000795e+00 1.027510e+00 1.047051e+00 1.061453e+00 1.093673e+00 1.144789e+00 1.241458e+00 1.427109e+00 
51 664 2.609915e-03 1.440040e+00 6.347828e-01 6.347828e-01 7.053453e-01 7.358936e-01 7.710192e-01 8.049671e-01 8.233530e-01 8.365226e-01 8.648567e-01 8.693397e-01 9.041654e-01 9.416395e-01 9.483133e-01 9.583993e-01 9.969643e-01 1.024679e+00 1.044036e+00 1.058499e+00 1.091373e+00 1.143550e+00 1.235040e+00 1.440040e+00 
52 677 2.547450e-03 1.438643e+00 6.237399e-01 6.237399e-01 7.022364e-01 7.319019e-01 7.677672e-01 8.066809e-01 8.217373e-01 8.386503e-01 8.679387e-01 8.697003e-01 9.014757e-01 9.300841e-01 9.434845e-01 9.603070e-01 9.967493e-01 1.025107e+00 1.039368e+00 1.055404e+00 1.081474e+00 1.153495e+00 1.225682e+00 1.438643e+00 
53 690 2.519334e-03 1.437945e+00 6.184831e-01 6.184831e-01 7.021863e-01 7.277544e-01 7.658896e-01 8.016575e-01 8.170436e-01 8.374284e-01 8.584045e-01 8.808166e-01 8.994178e-01 9.241848e-01 9.466757e-01 9.615153e-01 9.955921e-01 1.030167e+00 1.040000e+00 1.066890e+00 1.080759e+00 1.146621e+00 1.242482e+00 1.437945e+00 
54 703 2.536138e-03 1.449025e+00 6.100709e-01 6.100709e-01 7.052137e-01 7.226881e-01 7.650844e-01 7.952462e-01 8.133081e-01 8.372813e-01 8.599216e-01 8.816980e-01 8.897096e-01 9.192909e-01 9.422525e-01 9.626438e-01 9.958685e-01 1.035208e+00 1.039425e+00 1.074904e+00 1.092802e+00 1.147219e+00 1.251625e+00 1.449025e+00 
55 716 2.537434e-03 1.468227e+00 6.009980e-01 6.009980e-01 6.977672e-01 7.262573e-01 7.621732e-01 7.906004e-01 8.057050e-01 8.338010e-01 8.572694e-01 8.802286e-01 8.821838e-01 9.146378e-01 9.352291e-01 9.611728e-01 1.002913e+00 1.032504e+00 1.035919e+00 1.078076e+00 1.092438e+00 1.148802e+00 1.246881e+00 1.468227e+00 
56 729 2.617821e-03 1.465949e+00 5.994880e-01 5.994880e-01 6.964665e-01 7.227477e-01 7.594572e-01 7.868583e-01 8.010342e-01 8.370141e-01 8.564913e-01 8.808103e-01 8.825259e-01 9.194583e-01 9.332963e-01 9.696668e-01 1.007030e+00 1.028248e+00 1.035907e+00 1.079216e+00 1.087614e+00 1.166191e+00 1.241366e+00 1.465949e+00 
57 742 2.671064e-03 1.470192e+00 5.937316e-01 5.937316e-01 6.931443e-01 7.188240e-01 7.454585e-01 7.736194e-01 8.039775e-01 8.349403e-01 8.462431e-01 8.757854e-01 8.837229e-01 9.156614e-01 9.336701e-01 9.706357e-01 1.009438e+00 1.028510e+00 1.040191e+00 1.078094e+00 1.091432e+00 1.172020e+00 1.255015e+00 1.470192e+00 
58 755 2.700720e-03 1.465009e+00 5.935475e-01 5.935475e-01 6.891319e-01 7.172217e-01 7.397771e-01 7.709639e-01 8.061098e-01 8.354077e-01 8.489797e-01 8.724824e-01 8.783505e-01 9.158778e-01 9.334109e-01 9.668955e-01 1.018576e+00 1.024893e+00 1.039730e+00 1.080874e+00 1.093488e+00 1.177084e+00 1.259730e+00 1.465009e+00 
59 768 2.697857e-03 1.451906e+00 5.907467e-01 5.907467e-01 6.886205e-01 7.141822e-01 7.331657e-01 7.728839e-01 8.095982e-01 8.397960e-01 8.489709e-01 8.691705e-01 8.743472e-01 9.205906e-01 9.315452e-01 9.731330e-01 1.001141e+00 1.018256e+00 1.039468e+00 1.082885e+00 1.092138e+00 1.182703e+00 1.262168e+00 1.451906e+00 
60 781 2.716257e-03 1.443650e+00 5.864616e-01 5.864616e-01 6.859759e-01 7.135887e-01 7.267429e-01 7.684339e-01 8.104250e-01 8.328005e-01 8.445876e-01 8.689791e-01 8.718844e-01 9.138917e-01 9.217716e-01 9.633908e-01 1.009321e+00 1.017722e+00 1.035912e+00 1.086990e+00 1.096619e+00 1.209241e+00 1.264135e+00 1.443650e+00 
61 794 2.776304e-03 1.442348e+00 5.771476e-01 5.771476e-01 6.822470e-01 7.094223e-01 7.289753e-01 7.658085e-01 8.161706e-01 8.364642e-01 8.448539e-01 8.665117e-01 8.755506e-01 9.082127e-01 9.141901e-01 9.589470e-01 1.002818e+00 1.010904e+00 1.036716e+00 1.083663e+00 1.095601e+00 1.207584e+00 1.295493e+00 1.442348e+00 
62 807 2.778027e-03 1.438844e+00 5.725989e-01 5.725989e-01 6.804253e-01 7.066359e-01 7.324483e-01 7.681125e-01 8.128732e-01 8.314504e-01 8.393241e-01 8.703362e-01 8.748025e-01 9.051489e-01 9.136549e-01 9.538611e-01 1.002555e+00 1.010964e+00 1.032962e+00 1.070084e+00 1.095297e+00 1.220292e+00 1.306996e+00 1.438844e+00 
63 820 2.746599e-03 1.425403e+00 5.661617e-01 5.661617e-01 6.773572e-01 7.078575e-01 7.301993e-01 7.685577e-01 8.114694e-01 8.251988e-01 8.394974e-01 8.695021e-01 8.738433e-01 9.021424e-01 9.124085e-01 9.511380e-01 9.922267e-01 1.011822e+00 1.034430e+00 1.066861e+00 1.086668e+00 1.237234e+00 1.313631e+00 1.425403e+00 
64 833 2.762482e-03 1.424128e+00 5.674352e-01 5.674352e-01 6.719674e-01 7.077238e-01 7.280940e-01 7.667095e-01 8.109403e-01 8.263882e-01 8.420837e-01 8.675558e-01 8.723918e-01 9.021189e-01 9.182906e-01 9.406888e-01 9.995885e-01 1.011151e+00 1.029737e+00 1.064792e+00 1.082180e+00 1.232250e+00 1.317821e+00 1.424128e+00 
65 846 2.719048e-03 1.424709e+00 5.600538e-01 5.600538e-01 6.622618e-01 7.079732e-01 7.265720e-01 7.610278e-01 8.070670e-01 8.194898e-01 8.424512e-01 8.621087e-01 8.690458e-01 9.015688e-01 9.221269e-01 9.391641e-01 9.910759e-01 1.012752e+00 1.030472e+00 1.072185e+00 1.076532e+00 1.232596e+00 1.331155e+00 1.424709e+00 
66 859 2.690344e-03 1.422607e+00 5.569761e-01 5.569761e-01 6.584920e-01 7.063815e-01 7.246051e-01 7.583099e-01 8.023379e-01 8.165453e-01 8.329616e-01 8.603095e-01 8.657410e-01 8.983628e-01 9.222241e-01 9.558179e-01 9.899823e-01 1.016387e+00 1.031317e+00 1.066049e+00 1.098912e+00 1.226873e+00 1.324953e+00 1.422607e+00 
67 872 2.705845e-03 1.427242e+00 5.505044e-01 5.505044e-01 6.547879e-01 7.029833e-01 7.208716e-01 7.413817e-01 7.999831e-01 8.148961e-01 8.314447e-01 8.590430e-01 8.676866e-01 8.980668e-01 9.237360e-01 9.660946e-01 9.903943e-01 1.015462e+00 1.031414e+00 1.065736e+00 1.109182e+00 1.219262e+00 1.334623e+00 1.427242e+00 
68 885 2.684367e-03 1.429320e+00 5.465002e-01 5.465002e-01 6.520920e-01 6.965429e-01 7.230841e-01 7.454962e-01 7.977255e-01 8.068396e-01 8.282342e-01 8.576593e-01 8.633199e-01 8.940065e-01 9.226120e-01 9.710672e-01 9.925621e-01 1.010337e+00 1.031611e+00 1.056975e+00 1.109468e+00 1.222334e+00 1.335157e+00 1.429320e+00 
69 898 2.665985e-03 1.435158e+00 5.403777e-01 5.403777e-01 6.450628e-01 6.931388e-01 7.269506e-01 7.468917e-01 7.957133e-01 8.032047e-01 8.276344e-01 8.552625e-01 8.725724e-01 8.895008e-01 9.199236e-01 9.734655e-01 9.904169e-01 1.000049e+00 1.031541e+00 1.048208e+00 1.102967e+00 1.225732e+00 1.331093e+00 1.435158e+00 
70 911 2.608349e-03 1.439152e+00 5.332928e-01 5.332928e-01 6.429268e-01 6.859135e-01 7.252723e-01 7.503203e-01 7.922775e-01 8.000462e-01 8.217791e-01 8.552977e-01 8.764679e-01 8.869426e-01 9.228346e-01 9.725242e-01 9.906525e-01 1.000021e+00 1.037606e+00 1.045673e+00 1.095906e+00 1.257086e+00 1.336357e+00 1.439152e+00 
71 924 2.609561e-03 1.443504e+00 5.267173e-01 5.267173e-01 6.461402e-01 6.811003e-01 7.282743e-01 7.483088e-01 7.877566e-01 7.950805e-01 8.156839e-01 8.530519e-01 8.744533e-01 8.856831e-01 9.214226e-01 9.760153e-01 9.950632e-01 1.009424e+00 1.031564e+00 1.037012e+00 1.099730e+00 1.250807e+00 1.330937e+00 1.443504e+00 
72 937 2.635216e-03 1.461797e+00 5.244331e-01 5.244331e-01 6.424541e-01 6.829506e-01 7.308709e-01 7.485686e-01 7.837577e-01 8.016570e-01 8.121993e-01 8.563037e-01 8.748099e-01 8.824597e-01 9.198682e-01 9.728102e-01 9.893207e-01 1.011536e+00 1.033023e+00 1.037384e+00 1.099916e+00 1.245035e+00 1.324203e+00 1.461797e+00 
73 950 2.728031e-03 1.460795e+00 5.216824e-01 5.216824e-01 6.388078e-01 6.832304e-01 7.312337e-01 7.494822e-01 7.781894e-01 7.967808e-01 8.111471e-01 8.499622e-01 8.747111e-01 8.873023e-01 9.187695e-01 9.664151e-01 9.850509e-01 1.012317e+00 1.043582e+00 1.073390e+00 1.095160e+00 1.245462e+00 1.320161e+00 1.460795e+00 
74 963 2.773997e-03 1.457811e+00 5.154599e-01 5.154599e-01 6.390484e-01 6.825707e-01 7.271540e-01 7.441864e-01 7.741337e-01 7.831193e-01 8.160948e-01 8.533994e-01 8.674120e-01 8.839959e-01 9.192633e-01 9.659573e-01 9.797799e-01 1.018793e+00 1.038136e+00 1.075488e+00 1.112544e+00 1.241463e+00 1.317009e+00 1.457811e+00 
75 976 2.829563e-03 1.460765e+00 5.102877e-01 5.102877e-01 6.389740e-01 6.874828e-01 7.250404e-01 7.476217e-01 7.661364e-01 7.832635e-01 8.182154e-01 8.558570e-01 8.669172e-01 8.905699e-01 9.084478e-01 9.673055e-01 9.737473e-01 1.021531e+00 1.035137e+00 1.070687e+00 1.123546e+00 1.269134e+00 1.307997e+00 1.460765e+00 
76 989 2.895708e-03 1.468796e+00 5.081016e-01 5.081016e-01 6.394362e-01 6.818878e-01 7.240140e-01 7.461941e-01 7.642897e-01 7.813368e-01 8.118046e-01 8.522138e-01 8.698324e-01 8.897472e-01 9.061733e-01 9.600946e-01 9.700816e-01 1.024031e+00 1.039726e+00 1.064577e+00 1.132797e+00 1.273861e+00 1.311390e+00 1.468796e+00 
77 1002 2.886497e-03 1.460329e+00 5.051933e-01 5.051933e-01 6.359635e-01 6.829824e-01 7.206426e-01 7.418057e-01 7.553443e-01 7.883661e-01 8.035548e-01 8.491964e-01 8.668324e-01 8.869200e-01 9.012622e-01 9.586052e-01 9.653685e-01 1.024675e+00 1.044337e+00 1.071322e+00 1.136657e+00 1.270883e+00 1.311471e+00 1.460329e+00 
78 1015 2.911713e-03 1.459003e+00 5.019456e-01 5.019456e-01 6.349550e-01 6.795761e-01 7.192349e-01 7.356432e-01 7.540363e-01 7.849445e-01 8.085605e-01 8.467109e-01 8.713005e-01 8.977120e-01 9.057875e-01 9.569608e-01 9.638569e-01 1.024993e+00 1.064866e+00 1.081387e+00 1.146376e+00 1.277360e+00 1.313075e+00 1.459003e+00 
79 1028 3.028524e-03 1.454201e+00 5.015598e-01 5.015598e-01 6.330908e-01 6.783740e-01 7.177458e-01 7.375874e-01 7.534926e-01 7.877540e-01 8.174293e-01 8.541749e-01 8.766228e-01 8.996183e-01 9.097017e-01 9.518252e-01 9.816331e-01 1.023178e+00 1.062733e+00 1.092086e+00 1.159371e+00 1.273150e+00 1.309223e+00 1.454201e+00 
80 1041 3.079684e-03 1.455769e+00 5.001145e-01 5.001145e-01 6.297001e-01 6.809355e-01 7.142649e-01 7.390497e-01 7.569944e-01 7.876884e-01 8.161184e-01 8.444808e-01 8.781314e-01 8.991053e-01 9.120897e-01 9.519128e-01 9.815055e-01 1.017421e+00 1.062285e+00 1.097130e+00 1.157882e+00 1.268287e+00 1.296407e+00 1.455769e+00 
81 1054 3.107834e-03 1.449661e+00 5.003154e-01 5.003154e-01 6.308893e-01 6.779925e-01 7.116834e-01 7.395878e-01 7.497500e-01 7.865572e-01 8.196116e-01 8.391271e-01 8.750292e-01 8.999473e-01 9.149935e-01 9.415561e-01 9.817143e-01 1.011047e+00 1.060414e+00 1.109359e+00 1.162280e+00 1.269455e+00 1.291585e+00 1.449661e+00 
82 1067 3.159451e-03 1.455804e+00 4.933170e-01 4.933170e-01 6.292560e-01 6.770077e-01 7.094763e-01 7.376280e-01 7.473152e-01 7.895904e-01 8.173008e-01 8.337894e-01 8.627038e-01 8.978158e-01 9.119330e-01 9.382791e-01 9.770582e-01 1.009759e+00 1.061085e+00 1.114251e+00 1.181225e+00 1.262972e+00 1.311548e+00 1.455804e+00 
83 1080 3.158694e-03 1.461146e+00 4.930760e-01 4.930760e-01 6.253596e-01 6.725551e-01 7.061083e-01 7.349918e-01 7.436092e-01 7.820411e-01 8.137591e-01 8.302194e-01 8.611977e-01 8.910000e-01 9.169671e-01 9.367173e-01 9.806630e-01 1.000557e+00 1.065740e+00 1.114635e+00 1.194389e+00 1.255858e+00 1.309670e+00 1.461146e+00 
84 1093 3.085371e-03 1.451768e+00 4.901684e-01 4.901684e-01 6.186645e-01 6.682919e-01 7.053069e-01 7.319818e-01 7.438287e-01 7.769632e-01 8.071577e-01 8.145134e-01 8.527536e-01 8.807531e-01 9.179959e-01 9.310912e-01 9.774885e-01 9.965039e-01 1.063495e+00 1.113516e+00 1.194212e+00 1.254425e+00 1.325439e+00 1.451768e+00 
85 1106 3.014652e-03 1.452824e+00 4.825665e-01 4.825665e-01 6.153641e-01 6.701881e-01 7.020308e-01 7.333962e-01 7.402101e-01 7.726840e-01 7.959087e-01 8.162492e-01 8.494664e-01 8.787879e-01 9.104529e-01 9.254131e-01 9.765512e-01 9.946467e-01 1.061534e+00 1.115260e+00 1.189971e+00 1.253744e+00 1.334573e+00 1.452824e+00 
86 1119 3.058611e-03 1.451122e+00 4.769887e-01 4.769887e-01 6.091040e-01 6.743965e-01 7.020793e-01 7.356860e-01 7.433124e-01 7.796951e-01 8.015789e-01 8.223058e-01 8.503817e-01 8.746748e-01 9.180106e-01 9.395979e-01 9.709456e-01 9.939411e-01 1.066117e+00 1.119769e+00 1.190529e+00 1.253419e+00 1.323866e+00 1.451122e+00 
87 1132 3.076701e-03 1.456933e+00 4.737029e-01 4.737029e-01 6.046243e-01 6.710699e-01 7.012212e-01 7.362024e-01 7.432008e-01 7.778323e-01 7.969654e-01 8.158151e-01 8.420244e-01 8.717236e-01 9.153530e-01 9.397739e-01 9.734448e-01 9.859000e-01 1.064686e+00 1.111565e+00 1.191530e+00 1.242394e+00 1.323233e+00 1.456933e+00 
88 1145 3.145015e-03 1.484800e+00 4.630959e-01 4.630959e-01 6.032463e-01 6.740412e-01 7.030927e-01 7.374936e-01 7.484034e-01 7.798562e-01 7.955698e-01 8.071495e-01 8.360266e-01 8.721324e-01 9.134255e-01 9.388634e-01 9.747666e-01 9.902474e-01 1.060731e+00 1.112837e+00 1.197010e+00 1.240179e+00 1.330936e+00 1.484800e+00 
89 1158 3.176581e-03 1.497362e+00 4.617467e-01 4.617467e-01 6.002451e-01 6.679518e-01 7.026868e-01 7.341819e-01 7.477584e-01 7.802930e-01 7.913291e-01 8.089436e-01 8.415087e-01 8.698215e-01 9.087355e-01 9.382452e-01 9.727390e-01 9.961536e-01 1.054369e+00 1.111978e+00 1.198918e+00 1.240869e+00 1.332456e+00 1.497362e+00 
90 1171 3.192308e-03 1.505152e+00 4.596837e-01 4.596837e-01 5.974353e-01 6.711463e-01 7.045080e-01 7.321440e-01 7.539124e-01 7.821959e-01 7.895704e-01 8.087088e-01 8.432948e-01 8.676390e-01 9.014357e-01 9.357535e-01 9.635779e-01 9.858728e-01 1.057877e+00 1.108312e+00 1.191262e+00 1.240164e+00 1.328241e+00 1.505152e+00 
91 1184 3.184308e-03 1.501932e+00 4.597303e-01 4.597303e-01 5.938643e-01 6.687306e-01 7.015621e-01 7.294991e-01 7.531234e-01 7.799272e-01 7.847295e-01 8.128592e-01 8.439595e-01 8.854447e-01 8.975319e-01 9.322174e-01 9.586304e-01 9.849678e-01 1.055649e+00 1.102831e+00 1.193329e+00 1.230650e+00 1.313627e+00 1.501932e+00 
92 1197 3.109064e-03 1.492722e+00 4.563585e-01 4.563585e-01 5.890448e-01 6.683297e-01 7.069464e-01 7.274651e-01 7.540160e-01 7.763250e-01 7.817681e-01 8.074538e-01 8.443909e-01 8.786227e-01 8.987390e-01 9.325381e-01 9.632290e-01 9.838846e-01 1.057704e+00 1.100695e+00 1.200059e+00 1.233063e+00 1.324299e+00 1.492722e+00 
93 1210 3.072598e-03 1.494282e+00 4.544358e-01 4.544358e-01 5.831209e-01 6.652355e-01 7.071508e-01 7.231647e-01 7.527529e-01 7.757099e-01 7.829390e-01 8.144418e-01 8.438921e-01 8.811348e-01 9.117860e-01 9.277589e-01 9.588039e-01 9.837506e-01 1.052873e+00 1.097815e+00 1.197419e+00 1.242230e+00 1.313213e+00 1.494282e+00 
94 1223 2.992219e-03 1.513224e+00 4.533710e-01 4.533710e-01 5.812817e-01 6.650584e-01 7.039883e-01 7.211871e-01 7.509783e-01 7.735262e-01 7.854669e-01 8.200004e-01 8.516578e-01 8.805503e-01 9.167093e-01 9.288962e-01 9.491247e-01 9.804192e-01 1.051017e+00 1.097355e+00 1.197310e+00 1.256032e+00 1.309353e+00 1.513224e+00 
95 1236 2.864908e-03 1.517563e+00 4.518146e-01 4.518146e-01 5.768443e-01 6.604739e-01 7.058095e-01 7.236467e-01 7.535538e-01 7.745009e-01 7.820205e-01 8.179497e-01 8.496128e-01 8.793726e-01 9.226029e-01 9.278705e-01 9.481103e-01 9.740655e-01 1.041144e+00 1.102547e+00 1.199071e+00 1.246130e+00 1.315266e+00 1.517563e+00 
96 1249 2.704188e-03 1.509440e+00 4.460743e-01 4.460743e-01 5.833324e-01 6.557532e-01 7.017666e-01 7.200868e-01 7.537271e-01 7.714778e-01 7.782559e-01 8.136229e-01 8.463693e-01 8.807644e-01 9.210373e-01 9.302098e-01 9.412086e-01 9.718299e-01 1.037993e+00 1.109939e+00 1.193829e+00 1.241165e+00 1.312575e+00 1.509440e+00 
